335832634
234336835
1558085354
1642750477
241506716
310667837
847611888
1642750477
1261500782
144087939
2354653863
241506716
43588353
1642750477
1642750477
241506716
241506716
241506716
1006581253
329661071
37874853
308968000
612562627
1866968953
1122339613
241506716
349102457
241506716
96139599
310667837
1538034170
241506716
2193687666
180284337
384204662
241506716
801993403
185181739
713984030
1100372166
144087939
367677871
256488148
2177237275
324798976
241506716
21560879
1642750477
241506716
241506716
2283007208
2283007208
1642750477
241506716
139409901
440717582
344595178
97675714
372193214
288751738
381018445
248123998
2361219540
67944264
322622153
220598292
288236411
308968000
792161617
268133550
1535583726
11604502
498628269
1031076145
230980552
398473166
308968000
188796872
2237879004
234336835
395778463
1934020152
367677871
