1558085354
241506716
248147314
1558085354
2236207812
241506716
1282512398
241506716
241506716
1642750477
241506716
185181739
184399451
1461774541
750636630
44024502
985245529
241506716
1146957590
70358508
345597209
562713403
241432692
766122799
423403185
1282512398
522833334
135470656
1934020152
256488148
241506716
241506716
1642750477
241506716
1642750477
241506716
2354653863
1642750477
241506716
440717582
1160036340
241506716
268133550
220598292
308968000
121623511
792161617
632823186
106699957
2237879004
324816164
366523513
366523513
1100372166
