332615958
1103048918
470805040
619093928
149876222
257002638
48777903
354241843
541655151
167217757
102029982
1695286350
246849746
280082932
1287439339
1287439339
219325407
1143191964
2289020515
2398214797
1617203701
627159754
2202974616
258464589
2187818208
2187818208
122986010
418122775
67565763
70107152
1088744174
267083380
361881724
115624161
254864079
547699177
17354998
2255095610
2255095610
1446217212
517746090
87840379
308968000
69620961
327618139
82863942
500571732
333855220
152830555
108848299
231070171
162040111
14367333
2202500240
2202824372
1282512398
190543918
541523592
102029982
1098051763
308968000
21705655
14843506
2187818208
1282512398
701346566
525917442
955252466
2187818208
2202500240
2202824372
21705655
1238562847
2187818208
57950129
308968000
419420411
50206106
50206106
327618139
2356101116
315636376
162642723
560085181
783922062
2182790840
491302874
210325931
312487789
930236282
435771416
840868476
192118846
1282512398
364133522
56583974
398096178
120700135
2187818208
