333855220
152830555
108848299
231070171
162040111
14367333
2202500240
2202824372
1282512398
190543918
541523592
102029982
1098051763
308968000
21705655
14843506
2187818208
1282512398
701346566
525917442
955252466
2187818208
2202500240
2202824372
21705655
1238562847
2187818208
57950129
308968000
419420411
50206106
50206106
327618139
2356101116
315636376
162642723
560085181
783922062
2182790840
491302874
210325931
312487789
930236282
435771416
840868476
192118846
1282512398
364133522
56583974
398096178
120700135
2187818208
2202824372
21705655
2187818208
1138657016
195616656
1282512398
478528521
2187818208
2202824372
473920779
1938184622
423495473
1700461987
315850057
2187818208
2202500240
2187818208
1282512398
2187818208
21033993
888955105
1591239294
709069008
1097369138
470090798
996485574
303064981
853676102
214490643
291673064
77675284
440166122
925808917
844135850
244791777
262539789
285880579
2262838730
625521838
257976419
299527458
308968000
296098986
2360550589
77675284
77675284
106404128
