227925216
17641674
1017434947
211763701
172667937
84046542
440166122
776097600
476516548
87468554
496928536
541655151
588055783
204199304
186418415
354241843
258370004
76721875
806425801
1946957833
177141084
76721875
496928536
225093266
265295700
142894932
541655151
1576760005
33787094
216406414
154471621
248147314
227925216
187245280
354241843
43050247
291715515
980421492
746536398
1081904316
495495374
153006360
2242030585
492913962
331524969
153006360
354241843
1280678815
2339926945
187593611
318494299
2355449276
254047575
118032479
118032479
322093360
2326952594
1642750477
241506716
20227045
241506716
1946957833
354241843
1642750477
241506716
386460993
10677302
10677302
197842818
197842818
238539014
354241843
569480432
417037321
130783651
2255095610
37874853
308968000
776097600
2280873416
2239907976
1704733105
1704733105
418122775
115624161
1166269837
197842818
241506716
197842818
1497367632
211584573
521051527
107884183
383599555
115624161
1271269326
197842818
466229737
136541594
422462185
