187593611
318494299
2355449276
254047575
118032479
118032479
322093360
2326952594
1642750477
241506716
20227045
241506716
1946957833
354241843
1642750477
241506716
386460993
10677302
10677302
197842818
197842818
238539014
354241843
569480432
417037321
130783651
2255095610
37874853
308968000
776097600
2280873416
2239907976
1704733105
1704733105
418122775
115624161
1166269837
197842818
241506716
197842818
1497367632
211584573
521051527
107884183
383599555
115624161
1271269326
197842818
466229737
136541594
422462185
144087939
2354653863
87096507
375224399
758875104
547699177
409164188
179023438
1512372685
713984030
713984030
2409331524
241506716
54288807
2354653863
312487789
2197856174
144087939
1444051682
185192332
221969475
44717648
494798243
1929963894
908033755
373157740
367677871
776097600
197842818
776097600
330903020
211984798
855011059
1512372685
548293388
1215994333
852127568
275533880
1282512398
1282512398
1642750477
241506716
1608836484
186709753
241506716
241506716
1116662960
2409331524
20836740
