1642750477
187593611
418122775
410714404
1364013439
38400130
2236207812
2291653874
224273906
492275214
241506716
498953355
562777988
2354653863
2354653863
144087939
473794102
326195490
202545108
713984030
144087939
2425153323
713984030
179161311
274001355
464414928
466166383
375224399
575169044
308968000
1538120816
179161311
1512372685
227961081
1558085354
229745680
1098051763
1353503978
1183435626
154109024
241432692
232823157
1122577303
28340675
1014935707
104143927
320157324
776097600
1183435626
227925216
179036593
241506716
450262987
57950129
521051527
227925216
308968000
320858032
541655151
406285108
61955181
154471196
448820778
460235330
352976091
1100674501
16778089
408296138
483248612
422020807
227925216
17641674
1017434947
211763701
172667937
84046542
440166122
776097600
476516548
87468554
496928536
541655151
588055783
204199304
186418415
354241843
258370004
76721875
806425801
1946957833
177141084
76721875
496928536
225093266
265295700
142894932
541655151
1576760005
33787094
216406414
