14293874
418122775
418122775
197122766
1626688783
211432264
67961332
89148651
290609996
123192239
528243790
409556529
1100674501
45892217
1130798666
1364013439
397382363
2349529538
431616607
38400130
38400130
152284367
2291653874
227925216
1667380477
241506716
241506716
241506716
241506716
1386034584
1282512398
1135217707
947043734
263137452
2440368920
374595338
227925216
850255722
491278761
2354653863
2354653863
2354653863
2354653863
172667937
298968834
391197191
1395910544
1282512398
159716906
400441979
2157473036
135154091
588055783
2277535471
509018440
304220768
97667174
132886301
1066430288
796008188
288751738
245167008
381018445
237756163
1899557624
141418071
947517504
2412467995
536142442
588055783
274001355
588055783
427553200
25245309
389871987
356035976
303631475
308968000
575169044
308968000
850255722
17824107
17824107
195611090
17824107
2425153323
298968834
31125716
1122577303
90343073
69865674
298968834
1667380477
241506716
241506716
241506716
241506716
241506716
165397472
374956562
