2164691055
366928364
761060053
153006360
151936428
68066185
345951495
2377528345
601988085
319538071
582685543
550107205
38862889
88646967
596086703
323066164
405598254
241506716
241506716
241506716
241506716
241506716
229066154
701437826
2354653863
360887460
596372096
140360727
202545108
1280054076
463482232
576147592
184326857
851647632
429921654
322504064
518338808
613180389
328382275
1377022886
60343619
326602732
486731428
486731428
196114184
428184189
139545853
514056702
1282512398
30869555
70320897
823129644
771742694
319734274
486731428
486731428
144087939
492032320
564762220
542111849
241506716
241506716
241506716
241506716
241506716
73057567
163091277
1274391554
1110494570
92172859
489117863
377999366
220698847
89921374
542489552
232823157
2371728338
254883976
414035123
2192647598
708562298
310104728
196951432
324953834
514085203
484723335
586151945
368151954
1110494570
66065262
329694065
731921118
248210330
327972965
128828220
327972965
840108686
2297679955
223449759
1248689364
