398524205
57504824
38400130
270977159
27223149
214517541
247807595
311345045
331524969
98898752
89870798
329523908
588671404
1033126004
241506716
241506716
241506716
241506716
179161311
353599333
1220929591
551881826
467144511
1282512398
522153612
245607925
217615786
195417050
217615786
67286629
2164691055
366928364
761060053
153006360
151936428
68066185
345951495
2377528345
601988085
319538071
582685543
550107205
38862889
88646967
596086703
323066164
405598254
241506716
241506716
241506716
241506716
241506716
229066154
701437826
2354653863
360887460
596372096
140360727
202545108
1280054076
463482232
576147592
184326857
851647632
429921654
322504064
518338808
613180389
328382275
1377022886
60343619
326602732
486731428
486731428
196114184
428184189
139545853
514056702
1282512398
30869555
70320897
823129644
771742694
319734274
486731428
486731428
144087939
492032320
564762220
542111849
241506716
241506716
241506716
241506716
241506716
73057567
163091277
1274391554
1110494570
92172859
