288751738
245167008
381018445
237756163
1899557624
141418071
947517504
2412467995
536142442
588055783
274001355
588055783
427553200
25245309
389871987
356035976
303631475
308968000
575169044
308968000
850255722
17824107
17824107
195611090
17824107
2425153323
298968834
31125716
1122577303
90343073
69865674
298968834
1667380477
241506716
241506716
241506716
241506716
241506716
165397472
374956562
93863048
425580470
202705488
43050247
212933750
1100674501
234818193
61777413
490013800
45892217
767900516
632756720
1364013439
20551697
2182190216
1359236275
627430240
2214112224
990553399
211763701
251908025
67617883
256488148
67125277
852407036
257436624
241506716
241506716
51653334
1341451687
1065015068
1642750477
2417540292
81596148
582685543
38400130
776097600
776097600
776097600
776097600
301334520
21705655
598505770
1351097720
37874853
1088744174
1946957833
495495374
98107375
227849579
967083914
298977392
398524205
57504824
38400130
270977159
27223149
214517541
247807595
311345045
