1100674501
234818193
61777413
490013800
45892217
767900516
632756720
1364013439
20551697
2182190216
1359236275
627430240
2214112224
990553399
211763701
251908025
67617883
256488148
67125277
852407036
257436624
241506716
241506716
51653334
1341451687
1065015068
1642750477
2417540292
81596148
582685543
38400130
776097600
776097600
776097600
776097600
301334520
21705655
598505770
1351097720
37874853
1088744174
1946957833
495495374
98107375
227849579
967083914
298977392
398524205
57504824
38400130
270977159
27223149
214517541
247807595
311345045
331524969
98898752
89870798
329523908
588671404
1033126004
241506716
241506716
241506716
241506716
179161311
353599333
1220929591
551881826
467144511
1282512398
522153612
245607925
217615786
195417050
217615786
67286629
2164691055
366928364
761060053
153006360
151936428
68066185
345951495
2377528345
601988085
319538071
582685543
550107205
38862889
88646967
596086703
323066164
405598254
241506716
241506716
241506716
241506716
241506716
229066154
