62543574
1934020152
354241843
59696222
1558085354
115624161
241506716
2354653863
2354653863
2354653863
2354653863
2354653863
1282512398
202545108
771742694
713984030
144087939
370703703
1642750477
241506716
354241843
354241843
257002638
625040123
241506716
144087939
980151019
45578132
1282512398
421721871
776097600
17824107
1497814927
713984030
1100372166
144087939
256488148
324798976
630249900
241506716
241506716
1642750477
241506716
115624161
2354653863
1642750477
241506716
344595178
241506716
97675714
232817664
144800298
131017381
372193214
288751738
476795983
354241843
381018445
248123998
248147314
271492085
67944264
322622153
220598292
308968000
792161617
268133550
598409194
153703660
199641901
1535583726
11604502
498628269
230980552
218786514
82697469
354241843
398473166
354241843
308968000
456375783
354241843
179036593
205676589
322444158
404103364
308968000
1453189254
1632890677
155270805
82421887
241506716
477191808
