361431522
361431522
241506716
1642750477
241506716
612235635
1642750477
241506716
470925908
241506716
101137482
2398829629
776097600
627166261
82556099
73616327
1642750477
241506716
367677871
1576760005
241506716
471039116
614934176
1348566523
1348566523
1348566523
1111570988
180284337
347042852
347042852
1650402115
180284337
144087939
1444051682
1267558964
270874981
361431522
483948591
1555295532
521303046
601988085
1642750477
241506716
44814962
713984030
2197856174
100894581
1100372166
208163181
2391709296
1942464738
1192867417
76230220
1261500782
2239907976
2197856174
1440071138
1440071138
1154271001
127450441
613832237
1484964896
367677871
418542740
374311339
32347108
94546595
324798976
732466195
1464367189
545766916
304772824
469147536
301467347
1132943366
524412392
41085467
256488148
37874853
308968000
776097600
546488389
115001170
1017045132
2221562099
257002638
34605115
2311034679
2431664302
114396302
713984030
1100372166
144087939
1048368578
1642750477
241506716
241506716
871814173
241038735
354241843
