241506716
1642750477
241506716
1282512398
1282512398
1007571074
1282512398
257002638
185181739
185181739
1076847144
28847825
2395483201
1642750477
241506716
1642750477
241506716
2354653863
1282512398
1282512398
1282512398
1282512398
1576760005
1642750477
1642750477
241506716
57950129
1100372166
2280873416
2257000602
2354653863
713984030
1100372166
335832634
1642750477
241506716
241506716
771742694
144087939
358017954
345597209
562713403
241432692
766122799
423403185
598176477
241506716
1642750477
241506716
792161617
179036593
