15686892
81649708
209988772
184758659
174884527
1691781847
72280694
369887983
1912178120
162004171
1381034761
343363629
543598368
400671190
706888855
139407766
258308574
1672263276
2227801411
866512502
246331943
751147099
706888855
2158256510
244830760
60792248
245360154
614082723
1226996936
144181403
582685543
44290603
446865644
622650285
173066044
607961364
251908025
2299634677
446865644
446865644
73255758
603008514
34565395
129222518
446865644
353716656
235049749
266326654
181010790
241506716
1642750477
241506716
1667380477
241506716
2354653863
55238968
1032129864
446865644
880868178
14060579
1576760005
467144511
446865644
1226996936
446865644
1458030834
446865644
446865644
283430854
1576760005
283430854
303000554
446865644
745154492
176648534
446865644
849265117
446865644
356744984
171853869
241506716
52650104
181010790
949329420
380546340
446865644
110632185
61984753
446865644
2193071
446865644
18795137
738702150
219267232
492032320
76065766
340769233
1266015282
230215895
936150366
