2369310147
1415669216
2326757233
804835404
596042350
218031575
2248363932
1036098468
1230319638
1230319638
261667935
824919775
2202824372
272441757
2417414593
1868781655
52042147
2415586309
299666184
612291953
421211287
482892064
214067764
419533770
2190127826
1652330929
47057037
624300280
386961432
208910814
408497918
398765896
308516063
1282512398
612291953
423019898
474547211
1414487864
211115937
968101764
1538881868
296666143
2248363932
2214319886
1026744134
2423953183
1868781655
231843294
589263480
110069420
2202824372
1535865530
299591978
1689540542
537031183
1334673859
1145072384
1145058810
1145058810
1145072384
77916506
835458445
89433339
60792248
400190301
1706245321
417826740
146827525
824919775
966361526
2280423660
1900245392
1145058810
1145072384
213013175
253237340
171391458
1282512398
1145072384
65627068
1145058810
1631433770
116944845
429617727
129514958
73006379
196552989
21731449
78877887
1282512398
93532787
1071410486
1064170278
811660777
1282512398
93532787
380332327
33859187
364010933
349982273
