952792525
360594999
418439602
389871987
166537736
206748736
140735187
885595008
1211473604
421071111
975308094
279486346
287364154
283999957
287364154
287364154
222482792
81596148
627602403
397865241
137420430
2248363932
1492084800
38862889
1878729169
573544869
211940264
2359182476
1954137830
486599929
2203197252
438923444
323938158
874936417
345362121
167217757
302385752
207921535
2202966305
630260588
302385752
1975075776
1975075776
414048822
353720887
204689751
191741856
2202500240
107103797
417801367
975308094
114486783
499683297
1282512398
19478297
45885277
1233688304
177521861
1631433770
1934020152
414048822
98415497
1934020152
2297760056
175655420
556649719
114527805
73006379
211115937
1886440620
220698847
2160062977
302526508
2192647598
42834115
2210805524
393868473
73051975
217004870
1626688783
292231567
406278933
1376996028
279907025
129756225
264529439
88004831
198759210
1282512398
1414487864
256360487
586541641
578069740
370248393
388729448
28340675
72494094
281024653
2204353977
157626652
