573544869
211940264
2359182476
1954137830
486599929
2203197252
438923444
323938158
874936417
345362121
167217757
302385752
207921535
2202966305
630260588
302385752
1975075776
1975075776
414048822
353720887
204689751
191741856
2202500240
107103797
417801367
975308094
114486783
499683297
1282512398
19478297
45885277
1233688304
177521861
1631433770
1934020152
414048822
98415497
1934020152
2297760056
175655420
556649719
114527805
73006379
211115937
1886440620
220698847
2160062977
302526508
2192647598
42834115
2210805524
393868473
73051975
217004870
1626688783
292231567
406278933
1376996028
279907025
129756225
264529439
88004831
198759210
1282512398
1414487864
256360487
586541641
578069740
370248393
388729448
28340675
72494094
281024653
2204353977
157626652
310960166
382816180
841369320
16199372
310960166
64316476
1229744420
486587332
192612932
1316630744
798413556
1459430761
2331464214
2331464214
15205626
1007800075
106404128
20210078
1936017656
616966293
1743754856
903105000
136458469
377999366
