798233161
354241843
2326952594
1558085354
723703992
417037321
601988085
241506716
135470656
330757301
1642750477
241506716
79402210
1552028328
706888855
776097600
517589959
283316201
510203230
191373764
224273906
492275214
1642750477
241506716
135470656
445282019
538138432
39775709
1282512398
1282512398
1642750477
241506716
1642750477
241506716
100431879
262497467
335832634
241506716
545714285
318195556
11604502
341445207
41801310
66581197
316486788
304348508
185181739
540815203
191302921
470286235
369557750
521051527
251563557
43050247
261400562
499034220
73588261
2280873416
2257000602
1642750477
241506716
17824107
220371551
601988085
135470656
266366838
1100372166
713984030
135470656
771742694
144087939
1340907912
1340907912
1340907912
1340907912
1340907912
1340907912
1340907912
1030355984
2170334550
135470656
1649287399
135470656
2197856174
1440071138
1096745604
135470656
1100372166
1467040674
1464217154
1267558964
1463048144
1017045132
713984030
1100372166
771742694
144087939
2236207812
354241843
1267558964
