149871628
484746444
943630148
241506716
1642750477
241506716
491329469
464215046
491329469
441607007
283000592
229508000
248139843
760380397
760380397
220371551
782448126
776097600
2388993354
1100372166
1009444124
1100372166
1261500782
2239907976
2197856174
1096745604
362577680
68889828
299201288
776097600
257002638
1492084800
1492084800
1017045132
333297806
519337797
414806837
2148948276
224273906
492275214
1642750477
241506716
1642750477
588293790
1642750477
471947749
791091174
403940239
2391709296
363607634
363607634
583430340
1045160082
237963809
987993608
2197856174
1166269837
144087939
1444051682
491329469
2197856174
2197856174
144087939
144087939
1444051682
1444051682
551695351
546100643
964268562
43872295
513829377
237963809
241913253
272709584
1166269837
1060013072
543972702
389942519
1261500782
1137441781
996485574
85831442
254385398
491329469
95795358
1632890677
471219481
792161617
541655151
431414206
334521543
304370791
254385398
200439703
544968469
240201478
286443862
1459450988
2280873416
