297422728
1548480504
422020807
422020807
172667937
344624641
1163093934
776097600
2201541662
476516548
588055783
204199304
90343073
248147314
2201541662
598409194
483248612
248147314
2201541662
76721875
156820056
358033134
86317503
541655151
1576760005
389512766
351325184
525917442
248147314
227925216
354241843
43050247
980421492
73588261
2201541662
495495374
2242030585
492913962
1280678815
179569019
2339926945
378284827
241506716
254047575
2326952594
1642750477
241506716
241506716
598409194
108032755
776097600
241506716
241506716
241506716
241506716
521051527
115624161
241506716
257002638
2354653863
1038710198
87355444
187892926
601339057
152284367
308968000
1282512398
241506716
549103133
1282512398
1282512398
1007571074
1535583726
446865644
448570241
398460853
398460853
398460853
398460853
241506716
549103133
67326757
484942325
583428818
241506716
1642750477
241506716
627430240
2236207812
38400130
2354653863
23932068
224290159
1535857279
736346256
736346256
224204467
829707109
792161617
398460853
