525917442
248147314
227925216
354241843
43050247
980421492
73588261
2201541662
495495374
2242030585
492913962
1280678815
179569019
2339926945
378284827
241506716
254047575
2326952594
1642750477
241506716
241506716
598409194
108032755
776097600
241506716
241506716
241506716
241506716
521051527
115624161
241506716
257002638
2354653863
1038710198
87355444
187892926
601339057
152284367
308968000
1282512398
241506716
549103133
1282512398
1282512398
1007571074
1535583726
446865644
448570241
398460853
398460853
398460853
398460853
241506716
549103133
67326757
484942325
583428818
241506716
1642750477
241506716
627430240
2236207812
38400130
2354653863
23932068
224290159
1535857279
736346256
736346256
224204467
829707109
792161617
398460853
398460853
398460853
398460853
398460853
398460853
398460853
398460853
1576760005
2202824372
746834456
2187818208
597374661
608043
223393504
288218759
1642750477
241506716
1512372685
117673013
324400019
776097600
241506716
541655151
41085467
256488148
1642750477
1205671688
