383586239
2270516024
361155729
163464756
1667383261
338212568
1176194467
513208855
1437672199
297258224
776097600
318474998
72304042
541514472
541514472
75947021
1322181361
486731428
486731428
1282512398
1282512398
53864857
970109568
970109568
549000065
391395980
558454459
790824096
1652140580
206648689
1492084800
1407074652
2262479246
327972965
1003459302
308968000
137420430
797606696
481184270
238633706
326966696
430100347
38400130
608043
37874853
21705655
709932120
349576155
349576155
349576155
373379948
1386441919
371859537
241506716
241506716
241506716
241506716
241506716
157391459
141418071
349576155
311230530
221592062
214858427
604180263
1049891322
523910812
626307521
373228485
347803844
141624082
1098051763
360809177
462176441
492032320
499683297
56960258
202627333
308968000
720150060
98107375
254951093
523910812
355444057
206648689
308968000
2236207812
918425443
196951432
74793106
918425443
270977159
283937305
92560406
891062101
540110401
10032712
1282512398
311381116
2354653863
