540110401
10032712
1282512398
311381116
2354653863
467144511
334152606
198049715
618012522
1282512398
1282512398
1282512398
1407392899
241506716
241506716
241506716
754109995
43050247
398473166
21819414
237209642
149365755
232107931
2187818208
21705655
270977159
1407761876
241506716
241506716
592497932
52336040
1282512398
261400562
261400562
261400562
261400562
82943260
1173902305
114261075
601988085
227032792
1510559748
23520602
241506716
2423953183
1868781655
2274658496
126686398
962545201
303279016
223183074
2354653863
187911148
1492084800
281474246
92560406
1008747186
615809697
402668712
465312957
222026788
1282512398
375696968
413038560
86736177
379836318
1962886351
213013175
381409993
2258547726
1282512398
736496305
249261756
99904659
1057666530
235049749
539680401
235049749
235049749
323622228
254393987
363167661
816972086
37199884
2384939042
307216582
421875447
276944374
2384939042
1669739354
779816058
719020891
320735587
122066633
1019964289
443595503
161527969
906189876
1115789137
342235297
