47668568
324816164
51070678
397235195
355413870
968051582
232213987
266670269
762480732
176334272
893275416
464396740
228295596
588759475
72811424
1279457467
543255195
560234605
453630805
14785276
1893362090
571492522
244799843
446144342
1254853244
331399304
221274711
1368531918
361274897
449376760
619993634
1442025469
1273945903
1008747186
244799843
444575906
224059557
14532277
244930737
187521378
954639572
968051582
954639572
2346217980
483525628
294458887
1601120450
1367619878
244799843
1178959572
244799843
414231474
280375028
176334272
957538951
199626492
407499543
1114873609
232213987
291054411
535397714
357445799
156860072
110029770
17011534
156860072
181895549
2265535596
72217760
1262115812
471321206
552004654
375004155
2281822891
2267510298
1014881905
562869339
177390328
129097458
193606821
45557205
139739040
122302074
425637573
64316476
2310408499
324816164
176769009
564957051
161257440
732335755
556805658
93836051
874936417
208856556
60036727
101443421
326635649
453630805
520147265
762480732
50837323
1089209293
140785682
602536175
149849564
523976993
619993634
549000065
520252942
63137738
318730516
401319354
1410365912
1393654598
1015217791
181895549
1430259985
552044949
373295931
164781795
268710637
259660439
332317649
1435704126
556805658
821480906
549000065
238085789
1174886858
288686171
1430259985
308466630
954639572
315655899
192572545
383610772
1900651027
208331000
738231426
181895549
905541398
763670196
204193398
421093554
67253238
761673548
2208710414
484588553
1399628042
562869339
596453930
821480906
77973949
295271621
556805658
444864218
1353923473
43050247
224059557
406818514
1324484826
2301549852
367736411
1430259985
1919479668
100782616
954639572
1368531918
306246651
552004654
111200955
595244987
402277766
2292436411
560234605
109747812
244799843
250630561
331399304
306246651
224575255
60036727
326654148
1430259985
588200392
918831763
1353923473
119296943
1682168449
306246651
556805658
2310408499
619993634
1081711
158960680
244799843
1430259985
138750287
290621302
208856556
84067079
1655405082
453630805
1435704126
763670196
98864227
904054045
975701150
1430259985
372190925
1883044597
1036019808
871375914
244799843
1435704126
471321206
93836051
821480906
1437626294
905541398
483525628
223790024
762952320
119296943
535397714
1008747186
584435894
1430259985
340728627
1014881905
499654626
199082056
362902234
177127284
985309238
244799843
327912123
1430259985
543422943
1399628042
1657234866
111200955
763670196
2267735784
305539256
202570179
25339495
64316476
1430259985
493779740
140785682
242261355
45514143
1615208846
465402616
975701150
619993634
244799843
2325654902
250109800
1534071678
489316991
1279457467
1430259985
311345045
543280287
43050247
545840147
871375914
1048342087
885976178
217735672
115706181
140785682
315655899
702765284
45512751
1324484826
95938871
1312570542
72217760
358000767
1942762310
193180927
1005721339
763670196
1010378779
425637573
244799843
1014881905
1495489242
371666739
295092829
361193172
489316991
50949571
372125510
74106216
443263089
244799843
1667671291
253865222
149849564
1430259985
761006959
268710637
2322420140
89286769
453630805
12971552
306246651
64374665
2208710414
763670196
148664588
2204472511
1089241692
1680711217
332366367
188215241
178286902
415310659
543280287
41754845
194231492
1147181148
1430259985
114774800
228934177
499654626
111280147
874987856
244799843
309524496
962065177
76385394
290460621
416996745
871375914
1103341230
636804320
771493976
732335755
231328851
32216903
973284925
241418656
113052540
2280423660
2322420140
1081711
225085252
295092829
946931876
52846030
1048342087
888820410
415310659
763670196
93836051
14918574
1114873609
390744021
34898649
161257440
624758726
241418656
2258727944
548176849
538917279
2266344619
973284925
318730516
45557205
119296943
2306841744
185066304
268710637
629030573
636804320
821480906
1620396848
358816009
622931904
60036727
761673548
874936417
2350728864
841369320
849178069
636804320
1065076009
324276462
123890913
268710637
89859043
2350728864
445497753
160461159
891044352
2292436411
140785682
244799843
2350728864
560369842
266505453
283511580
199642595
367636377
123890913
1110386947
1048342087
159413840
294212373
1161895730
139739040
535397714
170182906
176334272
555679847
43050247
225019753
520252942
321106734
603538549
150597543
423330465
376643894
244799843
93855421
128891125
1344637694
374875191
821480906
19764168
477448052
367000115
499654626
1402778694
244799843
225671731
365310002
176769009
430719280
42674805
324112765
116713025
1122229220
1353923473
1919479668
603413018
60036727
34638160
268710637
791439001
1681147140
132590818
68659527
732335755
1122229220
425637573
244799843
315655899
497818049
128016479
1227936403
841369320
415310659
2199176840
225671731
975308094
1267249382
1048342087
43050247
301309529
38785069
2427850046
979847822
225671731
425753532
543280287
249627210
448484615
628579467
139739040
176769009
821480906
2265354584
371666739
225085252
176640374
949076497
588200392
146479954
561429742
841369320
283451566
123890913
368339026
60036727
2208710414
761697895
64374665
1919479668
262116763
358100253
888820410
1065076009
427237921
238834672
197647278
1919479668
2354703062
874936417
314541471
2262680984
1942728432
320688524
1267249382
140785682
543280287
1010378779
1655405082
1048342087
367000115
60036727
879712118
1613773339
605118263
821480906
1008747186
369557750
1261461535
1420855280
344589023
2208710414
123890913
244799843
116713025
161257440
1464181988
556805658
124357681
1227936403
50329701
2225416484
1114873609
438314888
1261461535
208856556
953145336
430439068
806054312
254571671
139739040
2301549852
1324484826
140785682
138004763
347948803
299530459
425637573
379344742
2301549852
1254853244
59063572
299530459
54910622
372692633
179034756
1081904316
225671731
556805658
388298154
2322420140
918115400
548176849
376211586
415492448
268710637
221310894
1464181988
949076497
142745916
398073563
1258399838
39775709
38413806
543280287
397990418
152957543
214864701
139739040
43050247
1378850756
918115400
244799843
391100432
116174780
841734080
636804320
396489385
518369155
424158369
464308902
397235195
598170963
1370453570
538088401
1261461535
702765284
299530459
841369320
50837323
874936417
105456136
536471821
268710637
1254853244
250109800
821480906
148700855
499654626
1036019808
918115400
1227936403
156121861
429683441
436764514
148700855
1267249382
156121861
821480906
538253403
299530459
1919479668
121284450
780408834
771493976
400593487
528513315
216651455
421093554
80242433
543280287
121284450
435818498
625483123
1261461535
142745916
2262334326
224575255
233736814
625483123
184009641
780408834
2322420140
385918785
367000115
97693271
815415260
370440939
349665398
57317458
420992849
448484615
975701150
1620036127
531036923
949076497
841369320
1261461535
474815561
305539256
1060523240
549813179
417856385
981167869
891985584
268710637
1317923222
244799843
79156931
337043378
220186153
105456136
1368531918
33900107
208856556
60036727
1010680213
453630805
134123261
2208710414
253865222
241744310
220391463
1060523240
572499510
2392882616
535397714
874936417
762480732
229464169
1953394279
1103341230
16995585
45557205
117637088
448484615
314091705
116202539
74564086
1657234866
78913199
32134364
1060523240
1254853244
535354565
600907671
563606217
718356888
520147265
179068689
91072566
702765284
478517453
634495530
215659559
427447713
903284258
20758563
404723635
123890913
499654626
549813179
2344885074
2322420140
874936417
424158369
1267249382
16995585
1337622308
497664307
957538951
216651455
61800067
244799843
871375914
1254853244
754611145
697833
119296943
1420855280
60036727
975701150
499654626
2344885074
1091372628
50329701
140785682
549000065
549813179
73395814
40844176
866238132
555968611
800887
836828119
762480732
482676218
871375914
702765284
968051582
891985584
1178959572
862686932
84533066
968020488
155841584
162061776
170949300
625483123
419500654
1655405082
181895549
424158369
549000065
1372777284
140785682
113826079
862686932
244799843
474815561
482676218
424158369
634495530
109819146
423330465
821480906
113826079
420992849
1267249382
89859043
230329123
30236613
340612173
800039612
225671731
1314422912
576104124
324319589
949076497
221345512
244799843
259660439
1150089697
370440939
816901543
332079837
55615060
553360301
367000115
208856556
67267318
107334397
336900307
634495530
220186153
1258399838
615984813
619993634
2226397981
584507300
830715366
263638944
566265437
1623519816
874936417
414845800
61800067
945753524
268710637
949076497
430719280
215659559
624974962
1856775240
543280287
414845800
157728232
816901543
1447846658
1254853244
420992849
215659559
119296943
305539256
268710637
301309529
433957591
499654626
874936417
1259803033
224575255
816901543
543280287
936821959
453630805
1495489242
1267249382
357419687
962065177
159370366
471013284
113826079
880079131
123890913
236769063
64379825
871375914
424158369
549053130
1008747186
50837323
471013284
879730753
272903432
618838820
871375914
1378850756
304434327
345951495
1001409482
1324484826
337043378
618838820
743270930
879712118
196951638
874936417
1949190589
270848678
140094420
618838820
1254853244
1657234866
89859043
2264597725
45768917
101443421
301309529
880079131
621887734
874936417
30236613
543280287
1110386947
140785682
816901543
625483123
821480906
82409461
212507294
448484615
957538951
2427698906
271959514
808248348
394654419
816901543
299530459
360438203
2408619355
140785682
324319589
2208710414
543280287
1324484826
268781839
933786918
618838820
2435293838
874936417
430810363
576104124
321603435
64374665
1006658414
64354794
53004470
337172189
71176441
499654626
140785682
112625437
754611145
1254853244
587249403
572499510
332366367
52916113
543280287
2322420140
429683441
874936417
50329701
933786918
12924592
532201379
394654419
24524566
816901543
238514209
945753524
519520004
82029616
123890913
179070685
90306932
356794330
113826079
357419687
474104618
427447713
489467654
816901543
933786918
634475175
89859043
1524701240
394654419
367000115
2265535596
816901543
226669285
221345512
941506015
107887581
254906602
