199626492
399302176
155907477
155907477
618166917
278033594
203496644
314696551
914044734
62206980
2204472511
95246658
914044734
43856505
192462513
57564235
618838820
317032120
198892292
324816164
1479380076
905541398
1170042134
914044734
1153357681
224059557
874936417
618838820
278033594
243563700
385918785
914044734
499654626
52701833
228765856
1913832817
499654626
434013070
798035652
886634648
196627613
83523478
322620816
203496644
761006959
250614232
1547828676
1014262183
47312935
154031188
152529009
1420378640
370713187
1015217791
1089152622
344708388
1328736115
122654859
49015203
791439001
53629492
1214726623
1427962963
503977278
982782974
103577246
2359581282
1394009418
381438724
217364261
271390988
1046355630
914044734
1139349841
324816164
1402778694
68928903
515837911
324856359
373743425
329690311
188028893
43050247
320824741
196627613
457353357
1704623454
821584866
263686205
605202109
2187427831
49593782
373743425
919186208
38040935
393320108
1406934098
243563700
230655643
329690311
377978787
473795574
2242224702
97599657
1427962963
761673548
1147489194
762480732
549000065
603538549
197011503
385918785
734671680
287716057
398524205
228695723
398524205
1913832817
215659559
614232285
180196244
1089209293
146450722
806616984
398231767
938673787
806616984
162599951
1427962963
217364261
218388929
68645270
458991482
914044734
232928218
1102990837
791439001
377978787
886283671
180130665
265282015
563553786
409751774
231025709
196627613
37191537
225436204
762480732
152336556
473795574
102082016
154586253
196627613
565947854
46056833
53919684
180130665
1942728432
181048992
368768836
618838820
213546498
2368606092
384346390
220224128
95246658
914044734
332366367
287623429
1254853244
291170170
2277249726
566919423
47312935
1065076009
377978787
140785682
199626492
588671404
503977278
276980812
1254853244
957538951
238514209
914044734
134335429
398524205
495804437
1913832817
1062180025
23770288
593904736
414772339
435960677
349000681
180130665
938438744
217364261
1254853244
302555390
615072480
1427962963
410846977
2194380372
2410229605
184241440
157980657
1065076009
249499434
49593782
396350426
1394009418
180130665
1913832817
503977278
129935721
914044734
53919684
216651455
1427962963
184241440
313910388
1428661790
593904736
373743425
113052540
66132131
914044734
97599657
398524205
268674209
47312935
377334270
1913832817
615072480
68928903
1006658414
957538951
881874252
882495756
68928903
207322711
2339821490
1547828676
914044734
65895759
54451211
90583941
419500654
394484661
28548515
152336556
271390988
636804320
1079979624
1913832817
1117099909
28315258
438205689
156650249
332366367
895508665
957299720
113052540
414845800
64718628
446390248
1285514599
43050247
471743438
317937352
1254853244
112412989
433115950
1521001196
53273003
358816009
235844301
444619380
702765284
95246658
438923444
373743425
122654859
548987093
278133523
348248808
474948934
86509262
2410229605
339360729
1427962963
134753215
2277249726
20914405
914044734
1274861
271390988
286200084
387107364
2366717845
111503188
68928903
1402778694
1427962963
303071360
455448906
66132131
949214065
1394009418
1945863996
625424487
2387415859
1389896496
377978787
594655689
271846083
113052540
66649556
596398326
303111826
346498836
111503188
1879291939
111503188
593904736
136309629
68148284
231375244
398524205
224527885
180130665
610516675
9548512
430920738
2210708466
702523634
164303319
794306977
418816494
1089209293
142750432
28548515
164522391
578112004
281674993
914044734
1381306322
596697504
422662161
358161381
46091075
238563454
506842649
213789841
962237191
384256316
130819714
914044734
231375244
152643294
839821393
95246658
1730901
1300008458
148842619
102018749
435960677
230630037
346590553
980175740
1394009418
98613457
761673548
476896000
55762095
1704623454
2309736289
997500594
632011285
101041655
350916334
238563454
1117099909
914044734
378671230
406067908
634746114
603538549
365487907
284457072
1173661645
188028893
437386797
192462513
358161381
177109147
1046355630
373743425
243563700
2432271074
1254853244
43050247
615175591
1006658414
220632831
595214362
1394009418
332366367
180130665
446390248
437252609
632011285
1033126004
2366717845
244069634
59752326
380247289
1070204732
231328851
104799175
138729962
2187427831
336900307
433957591
73387960
271846083
403609272
137035635
83298631
180130665
499654626
610815978
914044734
154471621
122654859
477599373
302555390
354567489
2261630784
15400068
415495904
596398326
18887544
117704644
1427962963
2265261979
134753215
398231767
549000065
938438744
353955052
48429049
271390988
115041406
373743425
265955943
332366367
1026636102
2410229605
702765284
1615208846
398524205
185732731
9162592
149081267
251172828
509878291
82327796
1046355630
499654626
1369590464
152301472
757260
35765751
23694283
949214065
1345032763
2440031228
1254853244
314696551
168790032
184308943
1192203684
1595901942
409816894
710850180
1337622308
364822414
1427962963
299750069
1242250712
717834680
1381685539
375546376
296399405
220186153
566919423
40474117
200760967
1402778694
2242224702
470730149
349557815
373743425
914044734
41973205
95246658
404244737
238834672
77499761
1695726888
236298428
1427962963
420146926
874936417
1118459065
42334886
1285514599
203336126
170610390
98613457
1406934098
296845378
59172015
2410229605
420146926
416252026
40474117
555679847
2410229605
203496644
230051563
421718428
73061733
606940301
2366717845
217098703
553379449
225667973
384256316
203496644
177109147
200445309
1162531266
384247839
154471621
549000065
1719542400
101269940
578888846
216634276
1044760267
1086305510
328027572
2265729529
350000280
221333173
2410229605
446390248
231788112
863269489
200349563
358161381
183547400
1620036127
384256316
446144342
176804413
1076625283
1033126004
1108361196
734801299
702523634
549000065
2187427831
287623429
311345045
159146384
424158369
135777673
2187427831
124100955
394654419
198809808
142745916
294458887
207921535
1427962963
257031103
482147473
179010812
324796370
247807595
702523634
315757882
327912123
526990703
361155729
545652143
871375914
364095622
349625889
1582561526
208331000
529436505
424158369
418372992
91550323
39522420
2277249726
2242224702
364095622
744401946
138729962
1125056900
128516601
166182442
19645376
2281608247
1427962963
2366717845
168790032
361155729
155147800
496945506
379654015
618838820
906653502
1427962963
549000065
330894170
64163368
247807595
272815795
1108361196
181965115
1428661790
1526748500
2387415859
881874252
2440045322
615072480
1018898616
88155490
914044734
2410229605
1033126004
2209814430
1014262183
377978787
874936417
1285514599
274886092
337043378
2281608247
570978122
618838820
413991299
798035755
208331000
1402778694
1934256961
37932706
217735672
914044734
549000065
180130665
425709451
95821679
762480732
46868304
194978854
2387415859
467939745
203496644
323037185
425709451
191731264
99220449
143666440
446390248
1197437360
407505113
53375927
2410229605
2268891397
413991299
548397539
444864218
549000065
1046964782
398524205
588671404
1516332655
613453329
28738307
2410229605
230318143
1162531266
1108361196
198892292
138729962
162599951
621117832
253473890
336900307
194836958
946931876
349000681
761006959
175991326
178286902
579463838
53273003
52295333
220186153
180130665
332677876
149081267
519367249
274440282
569957576
324276462
543648396
498733454
299530459
1197437360
220186153
139739040
2265729529
99220449
761006959
375100767
113052540
250614232
519367249
438400889
184395902
446390248
1649078880
841369320
1254853244
113052540
2410229605
187521378
541398374
1427962963
734489755
353955052
256075201
476702365
2265729529
271390988
601976835
352372790
874936417
506842649
448009499
2410229605
21064022
756843127
64408048
724057758
415486224
314458940
353955052
59752326
43050247
1033126004
2265729529
2245712586
446390248
372125510
352372790
841369320
425637573
302555390
798035755
138729962
358161381
139739040
392189326
220186153
390210377
214864701
1157506014
548254118
588671404
338995175
436460280
259120241
269742692
830715366
217735672
228360541
473893371
413991299
30869555
710381143
1243933212
179704662
361155729
261094418
200445309
513979554
269742692
2278874712
446390248
122302074
627131869
1349942737
1033126004
1402778694
277951335
1958039473
10446462
761006959
128823495
2207096131
60244752
874936417
624410440
271390988
914044734
337621438
139779675
541398374
415492448
601976835
551825718
2359182476
353955052
60794007
137292454
1157506014
15400068
2245712586
914044734
146450722
36343769
56944471
256532947
336900307
1254853244
837061314
938438744
2309736289
2245712586
449797056
1857594078
871375914
407013551
431652709
389493044
446390248
322693278
42573075
588200392
262649760
44690579
2278874712
1300008458
358782454
90401985
2432271074
436400978
377978787
220186153
269742692
385918785
113008822
214864701
436400978
449664290
1157506014
1014262183
946931876
180130665
761673548
49291417
506842649
1195563452
1328736115
449664290
85987502
353960428
243563700
606282914
1046355630
2432271074
867618751
1394009418
247807595
180130665
259711269
322693278
1427962963
371492553
1018898616
422662161
871375914
176769009
184395902
247807595
144122317
139739040
938438744
422662161
336900307
569843967
122302074
170609070
247807595
271390988
446390248
324796370
555981080
1393587085
176769009
422662161
513979554
362505995
446390248
50859181
371492553
606282914
277969946
471872690
2209814430
373743425
198892292
761006959
180130665
225081436
2277249726
329702990
1033126004
591868385
98415497
122654859
15400068
470632883
436400978
62504475
2192125872
247807595
50859181
601976835
400508524
279003432
371492553
41309282
302555390
1254853244
90401985
68446098
1857594078
1547828676
1428661790
871375914
1857594078
2379699625
552727672
1170042134
33402160
81276849
148374174
329702990
295718286
446390248
233238832
841369320
567059792
1547828676
2410229605
280333267
269742692
841369320
2349055806
220186153
294433313
1857594078
867618751
269742692
2418682880
841369320
2390607757
184241440
222793383
332366367
773536633
247807595
519367249
1197437360
2185802017
340728627
247807595
183563327
2245712586
251615281
