2360393726
577731731
218538537
1442025469
627159754
299530459
2380423008
28743943
707502134
2168665182
219643393
438846240
743270930
2418682880
933686030
446390248
242938256
425819318
938666113
378558248
69822673
404889942
2418682880
330799086
77196138
534202252
332108601
438846240
350876689
66874685
1320727916
345354337
93407140
1008747186
1544728885
253003271
88179235
1192203684
1071045259
1442025469
345354337
207928076
997885238
152830555
2430695090
1868781655
392952578
425819318
441661827
627159754
1320727916
1192203684
886283671
317937352
196070949
1008747186
632908242
183684697
390704061
152830555
414772339
185230572
982648891
1257233191
489735090
232663230
628625957
477448052
1010680213
480300342
600676742
56043362
198407815
438846240
632908242
489735090
790824096
933686030
317937352
344589023
1008747186
52585920
1012401385
74450146
454448407
1008747186
2168665182
2281608247
933686030
325395625
454448407
627159754
590645732
15242736
1192203684
64354794
454448407
2359581282
1192203684
232663230
274072522
137907825
2168665182
218543241
299759708
299530459
96358142
348342860
885976178
553216114
474948934
482676218
410074755
299530459
513979554
299530459
2359581282
2380423008
396456743
379654015
438321602
69785534
425819318
330989124
64354794
2409251094
454448407
920662039
627159754
2359581282
415857151
333305940
397235195
232663230
632908242
15242736
289988769
97015732
438846240
1896330996
920662039
371267963
145124357
183684697
96358142
232663230
90401656
454448407
1295793710
571403205
435390444
388298154
454448407
425819318
632908242
416892388
101212983
438321602
880370912
583761859
1492004029
474948934
185230572
920662039
1460919698
1052640001
217735672
131925922
2265535596
513979554
224527885
404889942
1114890170
438321602
420906540
333305940
36899782
201590794
627159754
345354337
743270930
147898785
249937807
404889942
571403205
632908242
927034177
156672766
217735672
217735672
1460919698
761673548
632908242
249937807
139121321
56043362
986327509
185527663
72220074
890665279
781851332
600676742
1460919698
2409251094
553216114
781851332
56043362
186373566
429683441
598383771
244508568
189523637
317937352
526159976
232663230
627159754
58298923
24172686
80792793
244508568
632908242
317937352
2265535596
244508568
420906540
315655899
377623197
384256316
1052640001
600676742
244508568
317937352
180726156
332108601
2359581282
185230572
317937352
100729074
627159754
322489114
248705349
265282015
394926862
513979554
292895207
1052851958
1295793710
307259912
367096033
395557708
632908242
357487298
86509262
1026491588
179930518
375036006
464703000
148031430
115041406
152830555
291602118
361274897
361274897
82637029
185527663
164472595
361274897
64354794
1026491588
438846240
328027572
338407586
1026491588
986327509
632908242
582879237
307259912
152830555
1442025469
1680949519
281266729
899164628
327912123
401304280
274872173
1295793710
863279696
2380423008
1192203684
201590794
307259912
596169358
361274897
186906384
371267963
64374665
281266729
491409283
125009501
57295376
358030796
1966565581
885976178
55844920
64374665
237248541
963870672
781851332
57295376
401304280
482676218
55844920
1460919698
185230572
863279696
553216114
233851827
274872173
237248541
541467540
222332457
357675027
586032422
232663230
361274897
572458340
627159754
1547828676
596169358
281266729
186355214
423352816
1460919698
863279696
127796014
885976178
72302340
1644969187
186355214
265163870
431456334
152301472
217735672
232663230
315619628
397235195
434959957
307259912
541398374
1040071886
252431080
1188277549
415192638
1680949519
307887081
553216114
243455637
885976178
572458340
477758938
920662039
1188277549
1535806214
2359581282
294566599
83794382
1704623454
192231832
294718784
1071045259
157919202
390704061
371267963
708392184
15242736
1962917155
986327509
230630037
957538951
627159754
456394398
1704623454
315655899
69822673
289815376
1442025469
707263987
779631050
315655899
210482027
264061862
264061862
75575630
781851332
324816164
22767315
1704623454
442449224
264061862
390704061
14073651
237248541
43050247
123183220
226232611
1641002611
327912123
371267963
300688055
438846240
436400978
553216114
232663230
420906540
1680949519
1641002611
1118459065
1704623454
627159754
307887081
380099527
1118459065
1188277549
450746459
431456334
150968811
627159754
150968811
285880579
762480732
36410800
438846240
387270201
43573349
510061737
740767094
619701984
420906540
371267963
743519388
635406781
280335086
627159754
285016269
1460919698
1039971948
397235195
185230572
196052558
1337622308
398524205
74450146
72302340
232663230
1547828676
244373513
338407586
2361416437
510061737
217735672
287673635
59922719
438846240
635406781
1337622308
188215241
986327509
123183220
45847734
65569198
398524205
1337622308
420906540
17949577
308466630
2349055806
485782683
387144961
1442025469
150968811
1641002611
1188277549
65569198
124986561
287673635
2349055806
57295376
65569198
75538000
412137328
324816164
307887081
485782683
1002339367
1026491588
361274897
1026491588
184093903
123183220
1547828676
163087979
431456334
74450146
553216114
927034177
205210773
196070949
287673635
2303196067
431456334
196667571
1860211849
390704061
1547828676
964268562
398524205
217735672
123183220
131925922
269174231
454448407
146523564
485782683
1026491588
295629429
1420378640
1963965956
438846240
47517753
237248541
64374665
42522880
82150097
95400999
1192203684
357487298
75575630
59063572
397235195
65569198
2377524942
36917275
743270930
734489755
164472595
986327509
1460919698
454448407
206638786
1680949519
390704061
635406781
1295793710
85565512
454448407
627159754
123183220
436400978
74564086
2379699625
398524205
454448407
525080871
53638241
2177629740
833130168
123183220
458991482
2359581282
392510203
436400978
412137328
419352848
392510203
123183220
150968811
1887913189
398524205
232663230
438846240
150968811
361274897
1547828676
232663230
131503312
185527663
74450146
397235195
65569198
144143410
244373513
1026491588
627159754
237950012
390704061
373957361
387201892
871375914
53638241
244373513
232663230
361274897
1547828676
986327509
2359581282
1026491588
379620113
430719280
361274897
45092623
603744736
833130168
438846240
62536487
65569198
75275607
2418682880
429683441
101751742
94051815
454448407
1893789992
871375914
361274897
430719280
74450146
232663230
986327509
263538629
123183220
2359581282
1547828676
1442025469
2204472511
44136847
986327509
74450146
902253074
263538629
553216114
361274897
244373513
204218836
590539972
635406781
324816164
83794382
398524205
964268562
1680949519
1547828676
871375914
65569198
1442025469
232663230
287673635
627159754
397235195
986327509
218538537
65569198
438846240
150968811
101751742
24172686
480300342
373957361
2265535596
279414313
263538629
986327509
1547828676
1295793710
123183220
324816164
431456334
217735672
397235195
2427698906
65569198
190969868
1337622308
91808467
1026491588
964268562
74450146
65569198
2359581282
525080871
263538629
485782683
431456334
635406781
496035613
436556047
1026491588
74450146
1547828676
382658054
267303978
397235195
324816164
263538629
743519388
361274897
871375914
2391529986
611874535
83794382
627159754
324816164
357556982
74450146
397235195
2204472511
1547828676
1442025469
263538629
496035613
262655078
340216867
59922719
1503950635
65569198
429683441
986327509
1026491588
65569198
429683441
1026491588
871375914
2359581282
43050247
2167846963
128985855
1680949519
419352848
74450146
398524205
697833
123183220
65569198
811441884
97003764
244373513
192440065
74450146
1442025469
1440388562
232663230
515832099
83148022
1442025469
105696703
378558248
58298923
300330281
231025709
1850821314
31975276
242261355
65569198
123183220
81024154
64316476
390772021
1114890170
244373513
74564086
425580470
75538000
880370912
1460919698
437252609
216990088
361274897
373957361
1442025469
561752630
442449224
83794382
811441884
176334272
437252609
871375914
65569198
85360303
712350073
64316476
378558248
1073444306
555184699
164472595
407814949
1442025469
635406781
553216114
761006959
902253074
762480732
65569198
378558248
74450146
43050247
438846240
59922719
569700456
73297539
192440065
357556982
105696703
299750069
871375914
357556982
430719280
762480732
410601992
964268562
1442025469
335802590
197772313
83794382
401319354
237248541
65569198
569700456
761006959
1547828676
414480968
553216114
421546667
1641002611
233851827
237248541
569700456
182748547
761006959
341961470
65569198
330799086
1547828676
285016269
553216114
233851827
330799086
358161381
466332803
408553260
388512584
2427850046
761006959
254006932
702523634
635393
65569198
761006959
149081267
502986101
421546667
431456334
1860211849
388512584
263010964
627159754
152830555
256384595
45143253
615835767
762942019
176334272
273480831
82029616
442449224
285016269
1442025469
430004829
957655476
298467567
178448924
387144961
74450146
2204472511
213303551
107412086
43050247
635406781
957655476
356454092
553216114
345354337
387270201
135519715
2196221215
762480732
957655476
235051083
2196221215
216990088
176334272
1370453570
268485268
384358850
2220220639
871375914
382490652
15915429
611874535
43050247
2330062237
1641002611
480300342
188215241
1026491588
957655476
298467567
957655476
2233878199
957655476
33678806
1026491588
79972319
761006959
553216114
15400068
871375914
596169358
74136660
43050247
75578810
59922719
184768541
1026491588
2220220639
55533345
159000538
592783083
397235195
128508751
438846240
871375914
311582948
36343769
2440280672
178448924
761006959
421546667
210749119
119296943
387144961
236784653
1366397574
2220220639
611874535
74450146
59922719
357556982
430719280
216990088
341961470
62512513
438846240
811441884
2383197570
184794348
239391704
328621563
871375914
56043362
1370453570
1370453570
32584719
863279696
525080871
149092648
74450146
287673635
964268562
387144961
1850821314
761006959
553216114
74450146
2380518318
446390248
125249618
233851827
2204215231
70148937
210749119
128508751
236784653
635406781
74450146
430719280
430363981
611874535
587412406
515832099
74564086
183162812
514607095
