1050002438
1144181
228765856
841827368
1052536952
139139108
1065076009
2310408499
197327587
23529979
408992038
141192389
109470107
593904736
578867258
213293988
425637573
449938383
152663092
2427850046
2280423660
1124435124
267096187
215659559
1524701240
1334673859
578867258
1893583783
1868781655
2375191286
214869254
405427027
1065076009
283416881
1065076009
57926118
449938383
141192389
267303978
1217603329
1052536952
222023340
322661335
294433313
303776501
471875469
121763526
582489962
315619628
283416881
354240288
471013284
397235195
266544948
149081267
841827368
782279360
1065076009
115939748
146018074
283416881
593904736
1052536952
102018749
226232611
1524701240
384256316
1334673859
548254118
215990966
423990532
525080871
1863461684
1524701240
703092828
578867258
47903238
141192389
548254118
1123732027
1076625283
1322515165
1052536952
1868781655
144140852
1225650788
344603993
290621302
1124435124
553360301
418510102
572568325
115939748
141192389
149081267
57303516
289815376
400950539
578867258
312597318
123442248
1006079550
2309736289
611662625
611662625
259035826
1524701240
264768637
578867258
572568325
264781277
449938383
141192389
99491668
262592381
1157612702
1224602124
223345182
354240288
301526489
384256316
158516165
141192389
196052558
567667581
841827368
300152308
1526748500
184273364
141192389
47903238
47903238
611662625
551315278
189088086
24877625
578867258
71736395
46398597
1285362278
1650714727
297986603
145888536
578867258
46450098
418510102
1868781655
1601120450
69822673
449938383
1503950635
841827368
578867258
252655471
539611252
230088493
244373513
264768637
1696191312
1070204732
46316120
172702406
1601120450
47903238
1684914324
85785386
308407068
418510102
483131837
1262061421
1503950635
1011260714
437383523
328839351
476896000
370993852
301526489
29700264
425637573
370993852
2324579576
278679847
354139752
446299140
761006959
218538537
521833767
620062876
184273364
1443686934
418510102
354139752
1225650788
1868781655
425637573
85785386
1262061421
297986603
395257541
141192389
354139752
115939748
523442532
384256316
2402819456
1121667001
1050051144
1050051144
230088493
281431980
570930886
87537950
446299140
483131837
928102790
298854475
1010680213
354139752
425637573
1225650788
141192389
46450098
198892292
1238855053
47903238
425637573
1394009418
39992706
354139752
431456334
611662625
1868781655
232491214
151932696
337455212
273417499
349661705
264768637
52277005
513234336
482028018
141192389
929904462
610377170
761673548
1262061421
543280287
209940212
275908435
1017485430
186388008
151308881
897877520
384256316
377848653
1650714727
230088493
719441076
155907477
184273364
51717072
431456334
304827188
158516165
412793445
264781277
1394009418
578867258
218538537
1011260714
2411133985
1290248167
1262061421
69822673
230088493
261642563
495751064
1394009418
373295931
1868781655
294433313
839657797
2362548661
929904462
1147489194
578867258
611662625
513234336
186388008
304827188
303111826
333198699
1010680213
373913653
385202887
1394009418
235850985
230088493
449938383
761006959
875172986
332149346
141192389
1218456828
611662625
1394009418
435833918
29141392
294433313
264768637
525080871
217735672
539611252
128472602
2343484939
385202887
1036019808
151308881
217735672
202149364
185066304
814842402
344212728
476896000
141192389
290621302
308466630
215919983
253494793
57515878
446999626
273934660
20911604
137346924
1949190589
304827188
513234336
395257541
1084711032
198892292
1868781655
364174302
1225650788
52736199
734801299
1136235768
1262061421
548254118
55844920
578867258
158516165
962237191
377848653
254450829
190949102
296666143
1949190589
47903238
2339821490
480300342
296666143
218538537
264768637
393320108
323674853
55844920
267203967
594293354
571492522
40817180
346575466
179070685
63695577
578867258
386501758
594293354
248252130
1394009418
555739081
721935242
158516165
86268676
196995596
198368790
929904462
215538575
23597890
493320120
633818401
464703000
1025813198
213872860
875337336
290621302
243563700
298266152
1868781655
388512584
308424460
393485703
441415174
480300342
141192389
107972052
1065076009
543280287
578867258
381532206
1868781655
1394009418
288066618
200407512
296666143
232521070
44882350
485433854
381532206
200407512
294433313
184273364
1308382262
86268676
357908681
22767315
1025813198
25532124
200407512
1394009418
395257541
514607095
611662625
200407512
141192389
862686932
585597080
81581223
1288709468
26537071
386501758
200407512
480300342
337455212
276420707
159146384
602732869
473535426
345518774
1868781655
611662625
378005118
22767315
196995596
388512584
481136039
190190777
578867258
337455212
1560181608
929904462
211940264
296666143
761697895
69822673
141192389
290621302
361274897
409849774
158516165
321917398
346575466
395257541
141538734
437315953
585597080
513191561
449931065
1868781655
128472602
513234336
321917398
578867258
761697895
140795862
1394009418
589906193
943862298
288661039
198892292
198892292
187401804
913612314
134451175
1025813198
299530459
1919479668
321917398
1150989114
979363201
2339821490
141192389
409849774
2267510298
307124242
160176727
1868781655
108008853
1394009418
120458955
294433313
337455212
1868781655
761697895
184273364
728449994
381532206
95938649
125249618
431456334
243563700
1394009418
220900238
873004640
388512584
261642563
1868781655
239719876
215919983
492889609
2187427831
30236613
1503950635
39985174
451352744
435956869
409849774
1273796354
422434974
878279767
481136039
21739929
141192389
134443839
945866352
134451175
172702406
1868781655
230088493
414772339
2267510298
184273364
626508942
885976178
506842649
151932696
481136039
568200578
957538951
232491214
957538951
525080871
321917398
1337622308
481136039
481136039
1394009418
141192389
147898785
337455212
412167914
301526489
284457072
265921057
761697895
2154844386
344090964
134451175
381532206
349625889
284457072
431456334
158516165
230088493
584435894
115939748
461142176
337455212
476896000
141192389
1065076009
2423735982
284457072
1394009418
1855944456
929904462
301461684
413153299
264781277
358030796
97166849
1680589914
420358855
1334673859
1650714727
146004987
571492522
243563700
115939748
702523634
121363826
367047603
211426684
438184095
377848653
761697895
378005118
546487865
1267249382
239719876
176675241
1394009418
417793306
59172015
158516165
1327179920
1267249382
328887454
261633389
2187427831
568334030
929904462
761006959
201700274
198892292
120081447
278031091
620828721
1394009418
285000582
141192389
1919479668
113789638
572499510
480335194
907231778
1650714727
761697895
596169358
548397539
109445955
2267510298
566033728
2349785964
1018898616
451443011
113648592
268688390
2265824246
297889739
1462007264
337455212
268688390
28974106
575242207
1394009418
634475175
2265824246
21117443
26537071
1680589914
33796138
323621151
146018074
238162671
377848653
73407860
81581223
336981703
286280224
480300342
1111071877
160176727
261633389
89286769
322516407
155568356
419352848
97166849
359504901
957080467
2262680984
572499510
484034790
111807582
1065076009
1110786914
627342853
337455212
357571369
301526489
189088086
2174276804
1680589914
268688390
49554176
239373033
422742327
831132938
2196221215
353720887
354142011
2301549852
71736395
1273796354
62216591
1957843926
336981703
286281363
620828721
141192389
865893757
954385542
572458340
439915915
95938649
610377170
703465465
366089337
25666447
2301549852
551315278
227210317
257425427
294458887
761006959
80609927
519367249
160176727
907299920
243563700
738231426
111807582
22247435
1337622308
55717942
244273316
739338385
613453329
261400562
290621302
142328958
1919479668
325682090
508816064
158516165
221766502
344090964
1680589914
224059557
1613307176
115939748
1435704126
24652604
82029616
409849774
2403088795
584507300
929904462
962237191
246212220
608043
420358855
1435704126
105797350
2187427831
575242207
508816064
513159822
709328340
620828721
95938649
1003803211
430771511
224059557
281557617
57295376
266670269
151932696
156328319
396489385
372847054
412793445
227210317
549242893
255424780
40837598
994886900
481136039
146479954
8421922
332850156
83850164
2210708466
146479954
239300860
238514209
243563700
520498821
158516165
610377170
2196221215
151932696
224059557
739338385
620828721
1141512872
146479954
452725090
276420707
2217922591
589306800
224059557
224059557
2204472511
1512801132
1189641860
280314163
79916923
606964686
258796796
509963158
1337622308
40837598
451352744
555739081
40844176
1680589914
1067057538
2339821490
579757791
1435704126
151932696
332850156
1067057538
44306631
2178997599
268688390
301526489
77433611
161589241
358034742
68363272
618012522
377848653
918119293
575242207
139574058
620828721
1337622308
156328319
124548386
2196221215
279003432
246212220
261633389
142255242
739338385
1435704126
6688922
461142176
68298950
480335194
761006959
813215324
513159822
386501758
156261572
197327587
721935242
128472602
321917398
548391375
1919479668
169880302
391225534
230088493
407888646
2425154966
454726004
161589241
575242207
345852807
1435704126
513159822
151308881
620828721
51002801
115939748
89455452
151932696
520498821
62252234
1957843926
151308881
126220191
902253074
1717607869
480300342
126220191
1052536952
453193579
21396451
575242207
377848653
126220191
80027707
822370459
579546653
1159123189
126220191
1442025469
596708125
442512984
617831623
608043
1442025469
86268676
300802503
51669113
299530459
230088493
1957843926
123524095
377848653
721935242
321917398
962237191
86268676
313252781
366089337
975701150
179034756
2354703062
47903238
406078014
556805658
423171756
2430103914
288197676
361657637
144521365
287125448
47903238
286255699
1680589914
618313408
261633389
544391425
441510100
344708388
905541398
239300860
157349294
2354703062
596708125
62512513
377848653
2339821490
957538951
231025709
349100625
179520647
2418154890
1168994636
878279767
777363115
391225534
115939748
544391425
764560861
1165565090
1394874499
761006959
23694283
775793330
295482018
2430103914
387632936
377848653
238097796
344090964
1680589914
2265535596
621117832
18316951
39423251
236381570
452725090
957538951
156328319
708392184
156176812
