243169048
317937352
537215444
325576573
223711911
267857837
18094299
499423390
1285150584
1254853244
449376760
508938752
449376760
159044276
499661986
95049423
454819023
83526463
614780431
978856716
458198019
1125056900
449376760
26234493
1417382058
186373566
2410229605
992760679
105074063
537215444
565947854
1103341230
2265535596
490095118
33447610
1627646509
105074063
6024062
825525422
185181739
178656510
903284258
449376760
326966696
267857837
382025995
504052876
504352153
1254853244
1417382058
932011380
386394461
1417382058
299148105
1417382058
1337622308
382025995
7217242
83526463
326966696
255074718
364776420
386394461
1337622308
523976993
1023781081
416128628
577731731
236659808
80105033
349079168
424334244
513979554
1262115812
481767383
465588944
3574021
825525422
360438203
537215444
577731731
191068603
191021506
481767383
160509447
998748782
440052823
520087620
238514209
204204543
998748782
83306305
554387029
1503950635
141192389
852201606
373913653
246194659
854779273
299530459
574096757
760809475
160509447
631136813
499661986
345969857
513979554
871375914
177113857
185181739
219708034
32987475
344090964
345969857
579945415
1254853244
299530459
890716250
822929149
50044983
64712785
191021506
230088493
1420441759
307954504
212847563
382025995
58656082
286714255
1857594078
204204543
382025995
598565088
1857594078
187665626
1857594078
537215444
551315278
178656510
1086305510
299530459
1857594078
185181739
229043097
143052714
89914165
33460357
420992849
345969857
501387481
219708034
246194659
1956932222
383716150
1417382058
383716150
1171848186
170315283
144201900
397908056
219708034
373913653
1857594078
424334244
578435610
204204543
393856483
176037012
1254853244
1857594078
382025995
170315283
95876974
116841043
386394461
94708268
154482537
537338453
58656082
26702738
152830555
41754845
219708034
373913653
110025436
535058272
382025995
38220725
1857594078
1125056900
166163541
170315283
277969291
732442111
508938752
300891355
610123047
242212602
144552005
63409854
2366824850
37810175
551315278
1857594078
579856094
279878948
927034177
219708034
1857594078
332366367
279878948
390704061
537215444
982648891
1857594078
233051612
512918036
300891355
170315283
300891355
212863569
300891355
217735672
579945415
300891355
16257370
268774726
178656510
1385952914
426412104
471875469
446826893
286673537
299956255
249499434
300891355
405354428
438923444
873345475
155907477
1254853244
267857837
762480732
2410229605
406067908
236798215
445216020
217735672
537215444
1251017179
598565088
382025995
201691052
300891355
90848812
373913653
212863569
300891355
100782616
401319354
267857837
273387077
300891355
554387029
361155729
449376760
300891355
377978787
534062253
164216585
598565088
1878055520
537215444
885976178
1417382058
14800130
2252383154
1443748807
300891355
467371126
287623429
1033126004
374511801
105385469
704070890
186355214
48338807
155907477
392482267
426412104
184036411
567107990
537215444
129526150
554387029
549270869
430449520
493191711
598565088
29981251
22739618
46346788
1385952914
416281257
56116081
152844185
408856870
6406742
519367249
382025995
303037132
217735672
113648592
15242736
1189641860
264728651
467371126
354345005
382025995
201590794
537215444
239300860
99058711
824621300
244004059
373913653
874936417
90520886
885976178
992760679
493191711
186355214
188327129
422662161
426412104
1543385617
1124445654
259259837
500011744
230411180
1584291504
90520886
247670805
966183764
25339495
186355214
598565088
1119147726
619773041
1878055520
3574021
160509447
97602483
732442111
426412104
185181739
502986101
2437163178
1601120450
240125818
1354566254
1584291504
226397765
211814079
2311861956
37604742
382025995
26702738
1878055520
1601120450
85321004
185181739
289358837
598565088
137035635
78350666
1601120450
500011744
449062955
224059557
360623475
203971720
15915429
219708034
1068425719
23744516
273387077
408856870
185181739
300135767
601951496
94708268
382025995
384358850
635406781
578112004
762480732
73391049
247670805
155907477
501387481
35532860
1878055520
185181739
576104124
426412104
217735672
512819680
761673548
1383814346
85321004
384897570
382025995
94593549
64969067
761673548
598565088
337586352
235940310
192780433
15242736
760809475
166548699
373913653
59727828
433233947
2354703062
303641754
57317458
1934256961
217735672
596298754
702523634
382025995
374027078
386933015
107985420
217461705
885976178
122302074
553216114
467179187
185181739
155907477
217735672
508938752
15514653
247670805
1389014336
467371126
63695577
385869726
396347703
218747322
79612389
404102468
636855918
7895442
762480732
154920944
449376760
1966565581
253865222
332366367
446826893
347948803
262649760
392515679
178656510
819526610
553216114
211814079
105090924
33489209
56664237
762480732
1949190589
160509447
449062955
374027078
890716250
247670805
1420855280
120032515
57836587
300135767
1119091082
305301971
2237643211
294667317
277969291
2391068232
293910504
296655669
743519388
176704681
457580088
277367963
34775463
874936417
576104124
1049627802
277969291
885976178
254571671
400820212
215659559
288687057
1119091082
14554270
1046964782
578112004
393856483
247670805
307282027
474948934
722092754
1704623454
232157951
1049627802
120052420
246395824
35890086
885976178
102018749
175671998
61407562
975308094
17812861
116116386
246395824
474948934
39868464
284521066
390704061
874936417
105090924
871375914
184009641
385869726
743519388
530955051
760809475
392515679
1119147726
930866492
350070653
24313744
188227249
129526150
719914308
975308094
824621300
219708034
762480732
449062955
299963781
556814410
474948934
390259773
537215444
464836241
599682346
323216901
2410229605
211531410
332366367
2354703062
949076497
474948934
17856771
1049627802
430447062
374027078
332366367
1046964782
175671998
502986101
1601120450
474948934
199937522
216990088
392952578
180130665
2176240928
22739618
51461482
286142991
373913653
890716250
874936417
474948934
306177433
85321004
483963162
1397194956
2410229605
2176240928
116149904
503787183
232157951
2300727674
515269835
24313744
218409432
474948934
508938752
530955051
85321004
387632936
175671998
871375914
429659262
2261698687
303238071
392515679
824621300
576104124
537215444
2410229605
391243062
340806246
620828721
209608072
1218456828
1185300074
916715028
408856870
49876247
814687183
551763164
1370453570
525080871
457512083
2354703062
474948934
537215444
408856870
457512083
388097967
874936417
494575180
138677394
1028496008
56103457
277969291
874936417
303641754
430731163
225671731
403273888
702523634
364095622
390259773
915889345
172702405
474948934
277969291
885976178
636855918
377978787
635406781
890716250
57317458
614780431
2410229605
474948934
614780431
16257370
360623475
144201900
37505682
1192941294
635406781
1119147726
315365694
474948934
151932696
377978787
344589023
56253641
1192941294
610663069
2410229605
381535572
277969291
861055976
885976178
1192941294
373295931
332366367
546541883
204204543
968051582
90488105
388298154
474948934
277969291
548254118
494575180
2212662746
200154776
62632514
874936417
61711342
1192941294
404102468
551763164
176161704
33489209
537215444
83739336
1091804174
382025995
67021342
426412104
2343563244
246395824
1594736406
78916639
218409432
620828721
968051582
268781839
474948934
16257370
183162812
151932696
399504273
27802855
449564710
446999626
1023473822
373913653
2190450943
280375028
2202331117
474948934
1091804174
33489209
291652306
420764169
90488105
474948934
369574972
523874738
94233152
446999626
874936417
306249503
151932696
34967445
277969291
636855918
474948934
20911604
1337622308
341961470
105090924
430719280
212242411
306249503
373743425
1121667001
474948934
2410229605
426412104
515269835
282628788
299963781
141192389
382025995
31668773
1091804174
177153941
474948934
890716250
949076497
17257921
151932696
910967077
474948934
79916923
16612299
62826932
154920944
176311616
620828721
1124445654
525080871
21489160
62632514
15313448
2410229605
1091804174
968051582
391243062
16612299
306249503
910967077
373743425
890716250
702523634
874936417
474948934
33489209
436017137
1370453570
1417382058
614780431
208856556
360187831
702523634
204204543
359408035
28944165
910967077
605468077
614780431
474948934
636985639
1060551493
1417382058
548176849
85071241
186388008
529436505
2410229605
270376847
374027078
1147489194
38634498
1417382058
474948934
1055372600
300023704
1101424825
60576831
382025995
1091804174
359408035
474948934
1706245321
474948934
329678886
347556539
743519388
359408035
64374665
426412104
359408035
50258575
404102468
1679616614
1086305510
97599657
373743425
215218615
188327129
621964879
474948934
382025995
1001409482
2264597725
152643294
364770409
347556539
557712469
21644013
204204543
38220725
185181739
1173922202
306249503
474948934
360623475
2410229605
160582415
420384338
414772339
1342089276
636855918
151932696
218543241
430731163
