1800256123
60022645
139121321
22891082
798035652
2382563309
482676218
845558300
483009026
244373513
1065076009
615642538
230655643
299530459
91314261
562301946
781851332
2366601776
65569198
22891082
1960158002
353823485
798035652
436556047
1168994636
2361184357
1039340587
96083999
123183220
306249503
493005555
267163276
971731274
1217712392
918831763
382658054
354967555
541398374
513979554
415492448
416242193
279597362
544858418
96083999
1360876447
863279696
971731274
1670595806
198892292
845558300
1960158002
344589023
131925922
978856716
1039340587
1538046116
1503950635
459281483
782525444
441661827
353823485
2418682880
885976178
986327509
232663230
579884697
1008747186
492889609
2203671956
553216114
1068093162
343428162
233346995
141192389
514607095
430931080
544858418
216651455
292224951
957538951
231038538
821584866
350750127
52846030
368299268
572861224
292801377
1538046116
1168994636
244373513
359759846
821584866
971731274
492889609
398524205
1039340587
782525444
230655643
343428162
40812800
760252747
113300474
142242227
38413806
525080871
65569198
281961718
308466630
396347703
547058250
885976178
1168994636
505890989
415492448
833877799
92268994
579884697
1295793710
1960158002
42791880
1065076009
273009521
762480732
65569198
419352848
315622946
971731274
160594476
65569198
306249503
986327509
257632964
123183220
2379699625
1295793710
43050247
419352848
1673962567
38413806
623632257
14785276
65569198
103890214
315622946
74450146
97003764
209940212
1008747186
286281363
394594752
306249503
398460853
220224128
1039340587
65569198
589929516
308537132
971731274
141826196
160594476
359759846
563561654
88601982
401852085
324276462
885976178
1442025469
544858418
430931080
1039340587
206630283
261642563
1960158002
636804320
340728627
2286219378
2250874806
64354794
438846240
183563327
353823485
555684578
1363762250
64354794
971731274
743270930
563561654
220224128
1008747186
518561963
286281363
459281483
471241404
1442025469
209940212
489467654
273009521
398524205
816901543
985294411
209940212
589788215
885976178
230655643
308451363
438846240
2235690486
762480732
77355762
273009521
152830555
1503950635
359759846
723524966
438846240
368299268
65569198
64742195
332108601
101749425
1923532538
139739040
70650836
101751742
553216114
220224128
1614603578
1017904862
984261961
96083999
152830555
208856556
286281363
1065076009
2341167138
544858418
321106734
209940212
384869120
96083999
390704061
1850821314
401852085
344589023
619141776
317632294
438846240
1614603578
514607095
26417836
971731274
596169358
544858418
286281363
139739040
1360876447
918831763
1039340587
508816064
100960785
271958198
361274897
1193726304
340517928
359759846
1960158002
177490175
469232233
563561654
589788215
510061737
1168994636
1923532538
290390771
430931080
957717294
553216114
723108769
96083999
1192203684
113948352
135777673
368299268
293957817
299530459
170596883
341923068
398524205
762480732
30407840
1192203684
109805284
1510270081
361274897
711975498
723108769
544858418
494158870
299530459
273009521
306283613
59922719
1192203684
885976178
225671731
589788215
104545880
425819318
101751742
438846240
398524205
1039340587
96083999
1442025469
1193726304
711975498
56407832
1960158002
984261961
72220074
97003764
417173454
344212728
263627011
306249503
885976178
1723271816
415492448
957717294
431456334
544858418
971731274
297950613
2359581282
237565457
1192203684
119472478
553216114
563561654
142745916
619141776
398524205
155463685
79363376
59922719
181841767
2250874806
1923532538
382658054
85392040
760252747
583056139
292388513
459281483
761006959
2366601776
513979554
96733201
604612236
491409283
1192203684
361274897
471321206
358030796
239300860
244158088
315622946
43050247
1442025469
589788215
100894581
1039340587
181841767
441661827
579884697
1960158002
358030796
885976178
1008747186
619141776
1119091082
100894581
412056330
361274897
544858418
957538951
1168994636
459281483
306249503
435390444
1011088686
141192389
323227137
508938752
957538951
225671731
782525444
230655643
181841767
2440280672
2430695090
1039340587
273009521
142745916
610431917
96358142
398524205
885976178
306249503
139739040
317937352
782525444
27692384
273009521
1960158002
306249503
398524205
425819318
27692384
198394369
247670805
430931080
553216114
247670805
589788215
361274897
358030796
208944236
303246234
761006959
481301999
192462513
38413806
292388513
388298154
192462513
361274897
430920738
300089004
414772339
728393473
139985805
208944236
83148022
885976178
544858418
96083999
77714512
315619628
208944236
244373513
341923068
310357378
1960158002
1008747186
467371126
36333026
263627011
87398152
281335938
421718428
162319937
361274897
300255858
1073444306
349661705
308451363
40812800
361274897
389013597
121059844
471321206
267303978
96083999
761006959
2344885074
966587694
957717294
1062180025
281335938
244158088
130457143
430008128
882042176
1193726304
2327362622
1442025469
85071241
513979554
214864701
544858418
1442025469
610431917
375492994
96083999
430920738
424052517
174595447
782525444
459281483
96083999
299530459
156261572
762480732
398524205
439135238
933686030
1442025469
317632294
65569198
957717294
260737782
263627011
430920738
425819318
513979554
404102468
2327362622
164522391
1008747186
971731274
215919983
430920738
508938752
522846798
361274897
975701150
158281993
522846798
348248808
761006959
544858418
96083999
1923532538
389013597
230655643
2430695090
436400978
438846240
85071241
503847264
545253676
2379699625
636804320
1168994636
96083999
329054906
404102468
740767094
353823485
230253426
2327362622
636804320
762480732
481767383
27692384
513979554
247670805
493320120
266404222
508938752
424052517
1168994636
307259912
441661827
1008747186
797432498
410074755
430931080
636804320
1442025469
957717294
281335938
544858418
761673548
1192203684
111807582
398524205
610431917
1960158002
96083999
64354794
307259912
629289471
598383771
761673548
192231832
610431917
761673548
88392592
306615768
129526150
430931080
553216114
410074755
610431917
761673548
438846240
1442025469
1192203684
629289471
508938752
598383771
502673158
201807641
236172101
306615768
371244977
64354794
247670805
128985855
82637029
401852085
292388513
610431917
885976178
438846240
761480930
1722387901
247670805
480300342
610431917
515832099
410074755
1442025469
452961589
544858418
1423192176
544858418
1370453570
885976178
438846240
390386375
610431917
957717294
64354794
281335938
354967555
975701150
425819318
436400978
344589023
1008747186
247670805
1960158002
1122478068
797432498
544858418
761006959
455712468
438846240
545253676
216990088
82029616
1071109093
95175104
955146582
247670805
390386375
441661827
401852085
610431917
96083999
244508568
621117832
64354794
513979554
45766796
322681494
420384338
802691582
152301472
244508568
216990088
957717294
610431917
975701150
350357187
333899462
38413806
368299268
276405735
410074755
139739040
762480732
420384338
121066892
544858418
435390444
508938752
368299268
188215241
361274897
24172686
1442025469
65569198
1960158002
276405735
610431917
933686030
957717294
425819318
59127005
1386034584
188215241
404102468
944996136
743519388
975701150
363231139
1254853244
1114873609
619141776
306249503
361830657
101751742
594329723
363231139
610431917
82029616
1337622308
492889609
363231139
85392040
401852085
438846240
610431917
247670805
208944236
1254853244
1695726888
398524205
610431917
322681494
544858418
410074755
112379529
121066892
188215241
190967453
1254853244
363231139
1168994636
480300342
332108601
918831763
350357187
299530459
1442025469
1254853244
300688055
2327362622
75538000
430931080
1122478068
274440282
629289471
188215241
518561963
867597709
225671731
142242227
438846240
205740873
975701150
299530459
957538951
610431917
139739040
364387504
944996136
762480732
401852085
736382810
545253676
145533198
918831763
771540529
2188707690
322693278
361274897
65569198
430931080
518561963
322693278
508816064
1008747186
306249503
836828119
141456445
361274897
1942728432
111503188
398524205
387191882
553216114
68383946
361274897
65569198
459281483
361274897
395273191
241908053
74450146
619141776
232663230
1122478068
1960158002
1386034584
75538000
410074755
1254853244
2203671956
867618751
65569198
762942019
398524205
771540529
324835936
332503155
56689760
2265535596
496035613
2168665182
453707795
244373513
315622946
281557617
65569198
867597709
121066892
545253676
833877799
833877799
833877799
833877799
610431917
833877799
139739040
496035613
1547828676
936821959
1695726888
183684697
232663230
244373513
1257233191
761006959
76327164
918831763
482676218
332108601
1442025469
244373513
957717294
65569198
149787488
1168994636
88179235
1068093162
398524205
126392732
315622946
281557617
198581043
1442025469
515832099
1071045259
553216114
289988769
425819318
217735672
771540529
1442025469
704236363
761006959
1547828676
357124171
398460853
762480732
361274897
322681494
1730901
315622946
324816164
247670805
218543241
762480732
761006959
1547828676
1122478068
299530459
444309579
957538951
85360303
205740873
743270930
65569198
401852085
1071045259
2265535596
1295793710
75538000
65569198
454448407
321106734
1442025469
453707795
936821959
232663230
87398152
105696703
957717294
1462357741
975701150
410074755
139121321
184241440
1071045259
1254853244
64354794
65569198
2266344619
361274897
124203255
306249503
513979554
957717294
150968811
1071045259
64354794
1442025469
317937352
549228602
1442025469
361274897
357124171
65569198
2252383154
430931080
1547828676
419352848
2381960611
850508713
361274897
315622946
520498821
256532947
1240525632
2381960611
483009026
1850821314
361274897
139985805
2168665182
762480732
124203255
22767315
82422867
217735672
361274897
142242227
306249503
217735672
1125056900
2319083966
936821959
453707795
28548515
64354794
401852085
230630037
885976178
379654015
2409271512
86509262
236760892
348224895
363231139
63409854
150968811
344589023
363231139
453707795
736382810
306249503
513979554
390704061
150968811
230630037
553216114
22767315
398524205
95364371
280019046
390704061
471321206
453707795
548218086
121066892
1122478068
