176410136
525343209
222710963
184273364
337043378
602732869
98129884
105092079
239459427
1279457467
555816489
195053173
1261230576
230088493
296525810
117637088
391243062
18887544
211940264
873073928
225671731
1057364419
636804320
377955310
2411133985
543280287
126693538
33460357
278158074
256013202
314696551
257395727
918119293
228132977
1624320018
105092079
354664192
1462357741
350000280
67258445
1479380076
94310189
232663230
543280287
1173905797
65590917
217382961
273425310
761006959
2262334326
1442025469
184273364
620062876
405491910
394598080
1010378779
171728502
354345005
710693294
218915630
480978700
380462576
243563700
184273364
105092079
730263836
200798491
61474133
1105179180
1336701290
841369320
1010378779
134443839
710693294
1279457467
538061472
1416875616
1086305510
28954377
1010378779
381532206
231865357
1036865276
449938383
920547890
260672133
1878055520
134443839
347087204
266402736
157556765
246212220
184273364
232623447
2411133985
636154771
2248599354
596167035
330876468
232663230
85954185
349665398
871375914
2322420140
354345005
480835067
481136039
452961589
230088493
184273364
536256813
293081996
495686183
467334063
2292436411
281431980
1462357741
419300122
282996208
278158074
841369320
945426301
124975146
246395824
1279457467
449931065
278158074
761006959
55717942
2322420140
184273364
134451175
1957843926
148308891
506842649
232623447
161120929
505608713
53032710
266544948
1321898268
2411133985
2391892140
268674209
74700675
282996208
106343149
158679359
202149364
559341984
980022156
361657637
2314723032
156757329
1634935112
568334030
636154771
1878055520
8684352
202149364
2322420140
777841842
988938858
184273364
481301999
246278108
158679359
1837893192
381532206
1503950635
334611493
2163144650
134443839
448266627
337043378
1503950635
1404297878
282996208
96083999
354345005
380462576
796307094
381532206
45858699
330706658
592550475
354240288
2206881883
2437825848
354664192
761006959
96800549
764560861
1173905797
480978700
381176331
1279457467
535397714
978856716
137368798
153804934
270870993
584507300
761006959
2185802017
449938383
2185802017
1971661429
314013651
416031573
2411133985
105656275
332422909
278158074
161120929
1404297878
559341984
477449825
367679734
342715775
225671731
464308902
1481939304
266402736
266544948
43604687
112625437
977523018
96800549
945426301
1279457467
147056427
122302074
43786890
1404297878
247806701
270240672
96553036
467334063
1446065208
161120929
1312570542
266402736
314335142
427172944
184273364
1010378779
2322420140
354240288
153063159
550254984
1481939304
206270026
107892818
190949102
901246279
978856716
441415174
155822507
354240288
338992651
2368606092
264768637
10185682
712350073
171904893
1643953350
1279457467
31888853
159413840
22278520
434916628
1404297878
331311328
1404297878
535397714
266402736
2322420140
72017149
177490175
1011423235
552044949
721709209
543497466
366418917
798035652
60136578
442680348
1147489194
427172944
490932987
42347980
177490175
559733538
96800549
170987312
2185802017
382605775
104481346
96083999
82084466
296812863
122302074
481301999
366418917
391243062
45512751
1337622308
798035652
506842649
425626681
333894566
397174419
555816489
712350073
228132977
363123769
264768637
2333379001
1404297878
721709209
475515272
1279457467
438314888
1704623454
576104124
549000065
186172837
555816489
233851827
475515272
430490087
549000065
808477903
208856556
211312282
233851827
575242207
414591391
21842913
490095118
149769429
841369320
119296943
576104124
392575667
76347341
264768637
2411133985
290621302
371653510
1014262183
264768637
406824636
1108361196
155147800
555816489
2322420140
1879291939
142588195
355385571
1957843926
1404297878
360315407
233851827
584452507
144904762
572499510
69795969
1150989114
712350073
371795271
148308891
1511138454
278158074
449376760
391243062
814842402
1279457467
210121352
264768637
761006959
326966696
384256316
258518056
513064087
195053173
47364914
1896021194
255074718
1018898616
575242207
264768637
266402736
815415260
294433313
46398597
399916045
485408221
42837842
401855558
178285500
122302074
148313000
61217454
719784084
134504097
41763180
1404297878
1188418220
283416881
72855107
620062876
549000065
416128628
97003764
538224849
2411133985
152336556
264768637
1511138454
539707080
2407525159
184273364
96800549
3584151
585597080
148313000
516448722
563753202
435711733
819948763
248665248
550353804
2209855981
120708954
936821959
481136039
1285362278
184273364
1279457467
45578948
2154844386
245230128
371653510
704177522
481136039
550353804
841369320
440634148
1116424190
814842402
81333014
551315278
89286769
541467540
72217760
481301999
538224849
364776420
567383268
296812863
399261976
22125091
1091372628
266402736
73081707
281324851
555968611
555968611
358161381
352372790
194038934
22125091
901689703
99595746
764560861
75010433
152336556
342099935
46455299
405427027
186172837
409072603
358161381
364776420
292388513
245230128
841369320
86880305
1091372628
1853247264
22125091
978856716
92759521
1111071877
543280287
1091372628
184301438
1279457467
73081707
233851827
371653510
2259121356
121763642
147084632
22767315
2335131210
430731163
2192402090
928942548
122302074
1404568273
543280287
92759521
584719645
1122229220
627131869
312356922
1026636102
397908056
543280287
534460326
1932009420
421727582
538061472
405427027
243624073
1025813198
430574423
358161381
408683390
36343769
476712509
1456755354
361800693
2340184327
395283025
494158870
485408221
23562606
627131869
481136039
175711665
354567489
761006959
435711733
45285416
627131869
1122229220
449938383
434916628
1214588862
494158870
3584151
358161381
409072603
31310232
140785682
184273364
243624073
354567489
1919479668
1957843926
509099790
413153299
384256316
371653510
1068804072
712350073
36328499
434916628
1503950635
434916628
494158870
371653510
269137427
1327034287
961884546
1203286620
75808465
494158870
571492522
1641002611
311582948
449376760
386501758
314358976
724465566
184273364
295482018
75808465
537117562
591868385
1044086006
144904762
244508568
360486425
277087049
444652499
1267249382
239373033
1503950635
1043401910
28954377
349544009
835587032
481301999
358161381
76369347
74966663
244508568
39088792
97109304
525091972
1503950635
607886674
2343554484
16541426
356761157
761006959
588705224
543497466
513979554
98871899
703314546
795593736
358161381
476712509
1107937952
2408619355
374328857
549000065
2258727944
138994117
595681276
269137427
373743425
184273364
901625408
430574423
295092829
2185802017
833628475
63071411
110025436
234308125
122302074
306249503
481301999
329054906
1428661790
703314546
131087723
373990701
588705224
612764538
201759112
1456755354
1524701240
606940301
549000065
225671731
371653510
1503950635
1428661790
92759521
200020393
712350073
588705224
153063159
2335131210
979363201
449938383
553216114
358161381
452725090
429120676
3584151
244508568
1428661790
1014262183
769733736
494158870
366418917
267840329
288687057
902253074
245230128
630061682
354567489
723332515
335918427
1107937952
310832335
344438606
257425427
329602654
198862426
92759521
588705224
429120676
262116763
36343769
841369320
1896021194
22125091
2185802017
418145691
1107937952
1524701240
162599951
184273364
724465566
1503950635
324276462
371653510
712350073
449938383
2185802017
330706658
112946748
366418917
361142889
1011085586
761697895
168972217
36343769
980022156
2322420140
72855107
703314546
873345475
18669077
609003430
350750127
330706658
841369320
134451175
184273364
21117443
76327164
795593736
399504273
107892818
177506319
344708388
234540958
178257005
93855421
150968811
441415174
1369590464
225671731
36343769
45512751
373743425
1957843926
524004770
1601120450
207003469
452961589
188295927
579884697
927034177
160582415
1060523240
366418917
814842402
438314888
703314546
57647574
98129884
56346836
121763526
36343769
34520590
535321582
358161381
2262334326
592550475
873345475
1060523240
72217760
816901543
148313000
494158870
1863461684
1267249382
330706658
761697895
1279457467
636781078
428396766
160967972
1279457467
703314546
428396766
1968031382
569613271
61407562
1462357741
747455492
358161381
29141392
425626681
274335051
266402736
841369320
406029640
240239024
261642563
579884697
412167914
301526489
344708388
76620302
721935242
1695855547
290621302
2379699625
122685638
1334673859
760252
373743425
399302176
761006959
1326777876
63085238
280971519
1279457467
2354359249
371653510
841369320
602732869
366418917
190190777
961884546
525080871
310177592
347771281
712350073
1503950635
635406781
228132977
53083452
156571063
162599951
579884697
358161381
253913493
46660872
795593736
485408221
425626681
556805658
200523345
371256086
556892047
1328544787
441661827
513979554
319180712
150968811
244791649
218373753
159413840
626563039
399302176
474632549
509894968
122302074
481301999
1215648667
286054456
832436726
1079814350
1896021194
1060523240
537117562
139739040
519196438
134443839
620062876
333748296
22125091
150968811
1062372086
957538951
36343769
1896021194
579884697
901246279
353778743
482028018
562024129
49895437
485408221
316398707
635406781
773536633
396402481
225671731
961884546
385202887
156121861
732813786
154482537
57295376
349544009
196546532
96083999
1462357741
346577434
138729962
159413840
728419608
228132977
132948238
189811140
2350728864
460112755
290621302
814842402
138729962
147084632
459111955
51316819
371653510
551315278
2379699625
796307094
45512751
543280287
52679733
506842649
957080467
360315407
516385286
1295478804
2194650120
622653581
1524701240
14756273
459111955
56890083
460116418
266402736
721709209
108633018
1185431108
21114415
80027707
151511667
299750069
421727582
303117251
115949246
524516147
285070525
391185412
901143648
480300342
449931065
98415497
513109663
88558807
1086305510
347771281
399302176
1957843926
344708388
138729962
926858623
194132779
907299920
150968811
384053792
2379699625
1462357741
499654626
546497051
184273364
100966139
1837893192
362620698
138729962
53246445
316292310
1524701240
248619471
184273364
54076538
580566500
455524620
14871047
1188418220
53246445
929904462
1964703193
22125091
