1065076009
1453119720
436400978
62717612
358132225
874936417
98319303
382033074
310104728
762480732
1060523240
1254853244
552478531
1934256961
1471157827
285617630
70083464
2187427831
1427962963
874936417
525080871
144028385
162599951
135481662
901143648
374495010
632908242
88558807
105090924
349000681
464703000
149000824
1500851599
1227936403
762480732
114138332
73562170
95246658
60346632
1065076009
253494793
1949190589
2306841744
225439262
2187427831
288197676
704070890
513289680
55776083
771493976
761673548
632908242
436400978
117599242
154471621
373743425
184241440
525236731
243945658
253875126
354240288
2295687174
178582986
416050888
382048855
761697895
1065076009
762480732
474948934
410571037
282951220
95246658
153804934
281494193
854681310
493116431
831221071
2187427831
525236731
1527457038
374495010
2261698687
1378850756
513191561
781658234
564514871
949214065
385918785
508816064
162599951
344166715
22335634
1946486300
390704061
761006959
762480732
2419389714
1227936403
232880637
761697895
2174276804
374495010
2219806435
350142922
846907249
525236731
256508444
105074063
135481662
846907249
314013651
117599242
83523478
261633389
436400978
762480732
453630805
728393473
1370453570
754611145
396638982
105074063
162599951
1601120450
222793383
84521798
2267510298
420992849
400462387
2236156986
1391352528
762480732
1922476213
513191561
542662004
836828119
520181810
131925922
525236731
56118601
74450146
936615631
525080871
1052536952
762480732
299530459
2366717845
905541398
1065076009
558638479
373743425
139739040
1195563452
2294459658
949214065
368397813
80251586
340728627
103577246
58761207
441661827
852407036
256508444
253494793
93835757
43077298
22726693
761673548
816901543
28738307
59559122
317937352
186772718
525080871
190969868
170182906
162457853
15242736
300135767
1368694878
100239202
839821393
323545160
816901543
1172193517
464703000
394594752
253494793
236769063
57832122
761673548
816901543
1065076009
241562297
30236613
851909396
98767345
451443011
761697895
237400934
135481662
121284450
340612173
142242227
380326767
47109411
534368545
2355933025
376114077
300135767
295482018
373743425
429097000
949076497
724465566
1957843926
1934256961
198892292
316251310
250614232
1267249382
2355933025
436400978
354139752
174216988
47109411
474948934
81753727
761697895
93835757
1083487800
947830368
430574423
451443011
506842649
543280287
520181810
823306303
1391352528
244916232
198892292
548176849
88558807
464774644
572458340
306246651
754611145
342634968
375971664
520181810
186355214
261255007
70836980
15242736
160582415
1010680213
53596823
98319303
2366717845
410742106
345163994
324112765
1227595086
2419389714
47109411
299452125
313149330
310104728
236769063
471743438
1879291939
74450146
886634648
2219806435
135481662
25050224
250585820
47109411
300135767
265836122
2264597725
471743438
354567489
836828119
565635849
831221071
546831863
1368694878
162599951
613844423
886634648
1065076009
140785682
221766502
1052851958
471743438
734671680
525080871
473535426
299452125
280971519
471962432
306246651
464703000
409849774
371492553
299530459
408856870
1251017179
436400978
215659559
1251017179
222793383
215659559
497818049
79880889
548176849
324112765
47109411
874936417
39088792
781658234
310104728
933786918
306246651
19243986
596947891
2267510298
756511832
763670196
393334581
262387061
506842649
874936417
762480732
885976178
542662004
1432633513
154535360
47109411
203398111
25050224
833444396
1620396848
333371857
393320108
37604742
34605571
548176849
1068093162
299452125
300135767
603618953
754611145
2219806435
436400978
435833918
499661986
438880977
45143253
1378850756
220391463
945978786
242172624
69492171
2366717845
2392882616
548176849
436400978
885976178
57295376
393320108
374495010
142242227
394654419
762480732
606940301
403635105
763670196
565206879
1440388562
933786918
436400978
23744516
31310232
1432633513
324873904
1065076009
2204472511
2219806435
603538549
80251586
393320108
905541398
160859012
125282354
634495530
25050224
162599951
1574773730
211940264
232213987
2192125872
414231474
506842649
165692134
119237143
367000115
1504202587
1879291939
604117070
80251586
763670196
455539964
345419351
555081286
23529979
1405360146
541430848
301191678
754611145
220391463
221023539
54779837
781943185
430810363
544391425
46091075
308424460
2259121356
1233587072
477191808
453630805
323862212
310104728
429097000
187565633
76369347
1368694878
1378850756
2219806435
299530459
2259121356
436400978
226078107
282951220
46091075
332366367
781943185
156893346
244932969
629030573
73048746
885976178
98319303
506842649
852250897
345969857
1453119720
771493976
2366717845
486432757
2387109733
337043378
999542665
90878116
1946486300
2267459611
885976178
290551002
22726693
385918785
558638479
1624320018
1368694878
761673548
393320108
294433313
2366717845
1017904862
15389031
32377145
408856870
261633389
874936417
52666089
702765284
1556093485
1060523240
1624320018
228360541
116174780
999542665
763670196
1341666338
486432757
553216114
603538549
1060523240
414516113
310104728
2204472511
308466630
384256316
1432633513
822531247
15242736
53422103
370509048
1397194956
393320108
2236156986
1251017179
1336701290
949518656
57295376
886634648
1060523240
1049627802
111280147
322626293
962624592
228360541
355413870
1410365912
623674121
217735672
761673548
310104728
1336701290
762952320
781658234
232213987
1017904862
434028728
80251586
1083487800
754611145
310104728
22726693
781658234
513191561
358574866
771493976
1443855229
397235195
999542665
2366717845
393320108
568242499
409849774
621528328
499661986
2208710414
445981298
596947891
62755981
57295376
1471272510
471321206
47036756
464703000
885976178
198892292
1008747186
1879291939
236780896
444339688
256384595
604180263
956781510
236780896
781658234
1378850756
761673548
186772718
98319303
603538549
831221071
448009499
885976178
634495530
274086662
559733538
26702738
232873784
330706658
879712118
724465566
1879291939
14755744
464703000
466517197
1888274347
261633389
914044734
282951220
251018230
37230170
330706658
945978786
612368394
393320108
1060523240
236769063
548397539
74941331
178559366
1312570542
60036727
569105422
217735672
235112687
340728627
525080871
175633167
80251586
885976178
217735672
405491910
15242736
296666143
761673548
604180263
1620396848
464703000
310104728
1428661790
346590553
63902834
962624592
588200392
754611145
761673548
1060523240
308451363
781658234
1321715706
551763164
86506987
1229296496
192063704
722402095
186772718
558638479
761697895
445981298
415292164
199183294
291652306
525080871
115939748
885976178
128823495
1370453570
333894566
464703000
763670196
90878116
68659527
1556093485
725156970
761697895
943810340
588200392
962624592
241418656
707184474
232213987
361274897
236780896
429097000
625483123
468189029
2219806435
603538549
540008586
1601120450
810173546
1539957428
243910475
1966361252
532055073
225725527
1624320018
722402095
178257005
57647574
198892292
166557901
569105422
885976178
30464601
42416062
1397194956
1681147140
477191808
187603095
378558248
482667929
68659527
230655643
345969857
132336370
436400978
501814727
933786918
236780896
603538549
61474133
546047532
885976178
1539957428
1524701240
886634648
332366367
282934341
763670196
575140918
429097000
501814727
310873754
436400978
471962432
798321325
393320108
603538549
61956324
332366367
405427027
962624592
159413840
1524701240
221023539
1556093485
1104008046
282951220
401855558
800039612
2219806435
178559366
583761859
221023539
761697895
457353357
481301999
62717612
1391352528
69822673
416242193
174216988
236780896
882495756
282008988
495569881
441661827
323862212
346590553
724465566
601675081
230253426
464703000
1227936403
312551123
282008988
603538549
619494675
186772718
1966361252
150597543
281431980
707263987
601675081
879712118
16541426
1227936403
468189029
442675993
1663850622
340728627
323862212
328293508
706352149
286200084
301191678
457268535
706352149
459281483
32461547
69566686
61956324
291652306
12348592
429097000
236780896
395165986
303641754
885976178
295092829
410571037
60036727
771493976
239383314
601675081
620732026
51942737
436400978
529402764
156860072
1432633513
109484228
436527987
42895329
232213987
962624592
328293508
508816064
553360301
60036727
525080871
1539957428
111280147
262116763
1428661790
340305456
378558248
112625437
548254118
242638772
1428661790
337156336
495569881
761673548
208856556
2219806435
2379699625
436400978
350916334
1896021194
160849111
328293508
1427962963
499661986
1104008046
513191561
391815353
554511391
2379200576
190969868
1227936403
221310894
1391352528
762480732
421727582
394646355
885976178
603538549
1060523240
288755045
945978786
209467368
378558248
345969857
525080871
434013070
332366367
880079131
299508084
979847822
236780896
215655480
927621054
2412280819
885976178
75792113
365487907
461142176
2379699625
271959514
171484228
239300860
945978786
47312935
874936417
322661207
368406380
437399322
190563736
159413840
250043086
254830490
603538549
885976178
1081904316
328293508
1017904862
927621054
321106734
763670196
440655679
1539957428
190969868
999542665
610625726
304243251
97003764
212941198
1195563452
885976178
1060523240
346590553
1336701290
761673548
1227936403
1063076700
436400978
540043582
1934256961
39775709
2271911342
432517886
601675081
377742452
289878471
14755744
441661827
101751742
1104008046
112625437
1624320018
301191678
596130884
702765284
14755744
337043378
101751742
250614232
436400978
224059557
409849774
212941198
26700489
608853617
551763164
1227936403
184036411
156860072
1556093485
1539957428
1091804174
885976178
933786918
975701150
553216114
105090924
1378850756
625483123
1261649238
241744310
414669985
847383439
1427962963
1896021194
927621054
1129997294
207928076
1919937744
357419687
202149364
1091804174
885976178
1428661790
43220731
601675081
436400978
362893024
77973949
300135767
1964703193
1101424825
147221785
120433512
1624320018
2354257118
572458340
357419687
617764918
284471816
371653510
1946486300
266544948
286200084
1601120450
369969514
47850204
551763164
105090924
153301577
546163219
57295376
120499114
