130819714
391243062
416676528
177490175
416676528
392031229
16271840
541328430
99491668
455524620
539707080
2187427831
125287389
391243062
180840624
393320108
380782329
144122317
478377877
298467567
512773672
55770701
247607446
2267510298
634495530
886283671
291176328
944194771
1526995968
22750436
364080557
213166885
1643953350
177490175
1696191312
886485696
549000065
149716122
177490175
30190230
704070890
2309736289
55750429
84603530
831221071
554387029
22664210
369456807
156121861
458474878
400508524
784980756
1696191312
554232977
2437163178
2277249726
291438402
113052540
454779154
956581388
2187427831
1535865530
333902220
825267295
1399628042
1054518391
324816164
625483123
38493269
226778971
106924874
261400562
562736945
403596910
625483123
938438744
213166885
502538702
841369320
192462513
225671731
330258450
282415040
1399628042
480335194
107935029
548397539
88601982
376180213
243604140
1070204732
944194771
412831644
299111920
106924874
391313583
224527885
211971262
53246445
213166885
303641754
1696191312
123183220
79880889
634495530
46871219
2349055806
525236731
42573075
125950807
51398996
455524620
1696191312
454779154
261400562
409920815
180130665
111585969
314696551
397235195
218543241
261400562
162599951
2359581282
238172518
226159254
422491428
53246445
240977615
184422140
100729074
1114873609
280379901
53663625
95507442
53246445
91813579
295141629
1402778694
203496644
2339403654
1359064507
1696191312
238172518
261584719
385918785
624410440
239725036
67797891
1524286729
944194771
225671731
25047861
64344020
577731731
1696191312
1402778694
1420378640
160582415
1714509230
624411686
1714509230
577731731
378005118
1714509230
346375001
314696551
155568356
1524286729
103577246
180130665
2188707690
446999626
203496644
38093203
2180340886
2277249726
70940306
150968811
1396594430
380200899
453707795
214373891
555981080
2232482515
856001455
454448407
455524620
2328922501
634495530
81978435
92428655
427348836
203496644
567212833
956581388
308407068
46398597
1468850401
1402778694
2187427831
1696191312
298467567
247670805
761006959
215218615
169880302
1524286729
151936428
106924874
113052540
299424909
354345005
2439856988
150968811
2430695090
455524620
200488921
342854209
821480906
1932839839
283980060
2187427831
278033594
874936417
224527885
894463140
23781786
297903811
420150615
213502125
529480217
2360393726
317937352
180130665
367000115
1399628042
1427962963
632999879
2187427831
1018898616
46871219
192462513
298361231
2277249726
816901543
60926605
20911604
50859181
1101424825
1018898616
214864701
554232977
1568436559
150968811
168671349
1427962963
371755059
419300826
180130665
278033594
529480217
99491668
499654626
336900307
1524286729
384256316
113052540
185536774
30869555
2439856988
298361231
278033594
1524701240
12924592
564484698
1605282314
469356054
2187427831
874936417
1553276354
549000065
330706658
821480906
384346390
886283671
24309410
180130665
566033728
192462513
137182414
63131244
339275591
410749271
94797027
373295931
1103341230
369456807
298467567
821480906
841369320
1402778694
824997920
278033594
121284450
459880593
482667929
106324809
435390444
32924987
224527885
298361231
101681369
368815661
278033594
3029921
956581388
97003764
180130665
407013551
1381685539
64135516
1895812142
1696191312
238172518
10867162
2245712586
278033594
269382549
298361231
1524286729
152336556
1435704126
278033594
65597531
245697290
2232482515
881633197
146761263
454779154
2410229605
180130665
278033594
247670805
117637088
272848181
1420378640
184436032
894463140
1435704126
1556093485
2410229605
185181739
372125510
615175591
113052540
278033594
372765542
239725036
492926440
596697504
393320108
278033594
999542665
106924874
56890083
340643461
235795114
841102730
98767043
111503188
821480906
454779154
633012582
2265824246
236601137
881633197
455524620
3029921
180840624
894463140
2430695090
445322988
416128628
180130665
113052540
2265824246
734801299
925422720
461976539
520147265
894463140
2245712586
303641754
369456807
60083603
2245712586
520147265
620649820
298361231
126517828
380920373
821480906
345354337
543497466
942061808
2245712586
603798669
187867196
48062641
470961364
1119091082
156261572
168671349
298361231
81498405
1427962963
303117251
345354337
382630963
1524286729
369456807
192546531
621773965
298361231
169870505
312134708
2245712586
278033594
548980583
106924874
555816489
232873784
2182535131
380462576
2245712586
841369320
555816489
278033594
106924874
578112004
43050247
209618798
207131820
271390988
1018898616
434163138
97247493
576877877
258725757
107381610
476896000
36343769
480335194
894463140
278033594
113052540
20243635
156650249
298361231
296728982
215202605
1193726304
271087223
263103052
394449584
330886777
198892292
82321238
76347341
951317576
1254853244
962237191
380920373
278033594
422662161
298467567
1896995754
23694283
578112004
261130942
455524620
198892292
1254901706
411357480
182693741
437902389
87639490
385918785
1524701240
1719542400
106924874
1435704126
1623519816
816901543
131855635
476896000
1556093485
298467567
373295931
250991107
107381610
881874252
909157850
442032875
220334123
2405992801
2295233179
49276968
131855635
1696191312
156650249
520147265
236601137
821480906
180130665
183479372
1254853244
62905811
520147265
324856359
276422979
216651455
183762056
555521858
57295376
107381610
280333267
938438744
427771246
239300860
220737699
91529509
247607469
81498405
278033594
2185802017
380920373
520147265
231788112
332677876
585738911
272815795
185181739
1595901942
306249503
341375873
1628919302
1696191312
2295233179
420384338
131855635
107381610
1254901706
149081267
241562297
453974444
1556093485
1052536952
380920373
2185802017
798035652
157967640
345354337
437307754
332223113
180130665
154791304
409849774
1208073722
111503188
314696551
1086305510
107381610
102704224
314696551
131184481
314696551
1932839839
914044734
1435704126
631940738
841102730
944194771
278033594
244373513
297926011
283132071
295482018
306249503
278033594
520147265
420384338
321929830
930931393
107381610
874936417
816901543
57944917
138004763
2277249726
1254853244
520147265
46815720
191662002
180130665
298361231
841369320
226778971
394449584
1039020840
1524701240
1277325294
180130665
1919479668
107381610
2409742939
420384338
336900307
1556093485
874936417
349625889
2221407950
420365345
186985092
798035652
107381610
162615691
321464569
427021042
1014881905
602536175
193552522
407685708
988461937
83580249
117115296
962237191
107381610
173017685
798035652
2391068232
180130665
548254118
2349055806
600811214
278033594
123442248
378005118
345969857
54177050
97599657
278033594
806616984
2349055806
38388954
198759210
1274861
821480906
914044734
420384338
927034177
1522844239
1119091082
744857298
180130665
2259106837
874936417
2248599354
412167914
944194771
96417230
1086305510
338338365
302704894
393320108
1101424825
1119091082
97825839
380356021
2204951054
938438744
280333267
203496644
99491668
771152467
1402778694
1119091082
1180998078
429683441
96547167
476896000
153827324
266426890
841369320
384256316
203496644
1295793710
577077446
1556093485
72855107
704070890
45510556
1396594430
526489898
107381610
798035652
105074063
1556093485
131855635
2349055806
1018898616
51070678
877484318
821480906
285981540
944194771
2379699625
1208073722
97599657
798035652
957538951
95246658
152336556
239300860
95176768
210709790
1065076009
233162506
278033594
1018898616
485658600
1254853244
19645376
1582970312
886283671
806616984
179569019
17310096
137292454
1399628042
1101424825
2259121356
709413895
806616984
218543241
1399628042
113052540
146684667
107972052
600811214
874936417
313910388
113052540
22247435
1381943148
24663075
417537982
2354703062
520147265
289345672
1495489242
1018898616
634495530
1274861
441780997
436460280
1719542400
798035652
2248546050
310104728
709328340
382630963
481301999
130132876
405735370
271863868
300688055
2150329543
177191508
77428122
906653502
364095622
123802234
982648891
107381610
1018898616
278573664
313820643
1427962963
578112004
137375585
294458887
180130665
224527885
1695726888
390704061
238515216
2383197570
480335194
209406716
1556093485
280333267
1040071886
625178422
19645376
483563551
1524701240
312134708
115888078
482667929
349625889
121664981
2259121356
332366367
1295793710
248619471
19645376
968020488
980175740
1829890040
303564087
416050888
1556093485
798035652
221333173
225671731
2271334914
514430291
177490175
336900307
131855635
841369320
343998699
225019753
957655476
177191508
95246658
216990088
798035652
956581388
436460280
385918785
380395121
100218210
185527663
493013747
529968390
412831644
1107973784
311582948
180130665
97599657
318730516
2349055806
393774958
905541398
335369831
297926011
185527663
610825128
83523478
286775625
480335194
251512717
107381610
340728627
180130665
162599951
384256316
1254853244
798035652
482062028
131855635
1287916555
220224128
761006959
336900307
761006959
962237191
439002627
127726719
95246658
73062520
771152467
162599951
1719542400
578112004
810406
1595901942
2379699625
123183220
2220220639
372734670
1274861
97450562
566033728
156650249
2380423008
1249721492
394449584
2221407950
938438744
2259121356
187483831
2169131101
548176849
781658234
2379699625
273955366
632999879
500730106
607185369
226232611
268781839
943439502
324112765
149114738
35171970
224527885
113052540
1353923473
313820643
1108361196
566033728
2277594176
34662887
180130665
106924874
385918785
74102515
567059792
317937352
771493976
177490175
97599657
326966696
1101424825
149889433
938438744
393774958
2268891397
212466687
236659808
565206879
1381685539
198538039
1556093485
272783588
201290301
1014262183
314696551
393320108
1314422912
474104618
153804934
459880593
107381610
2271334914
1642462412
324816164
297903811
796103425
2354703062
98415497
2220220639
251615281
241881539
230148710
1556093485
324856359
476896000
410074755
578112004
1254853244
968020488
369456807
113052540
2271334914
821480906
1353923473
1117099909
224527885
229496198
463583352
97218756
632999879
251080236
232521070
2349055806
2432271074
95246658
1370453570
369456807
1370453570
944194771
2354703062
74770473
608304302
469356054
98415497
