1003619816
2379699625
760252747
417581410
2212662746
1464064728
304869459
578023859
1650546738
625611143
64354794
603538549
200798491
578023859
206276750
225085252
493005555
544894484
464703000
1435704126
603409790
730999418
624974962
1464064728
762480732
603538549
864315428
566919423
102082016
142300215
2232800282
481827869
1451455980
113597342
965628758
1469794069
96083999
1006615662
493005555
420358855
589788215
841369320
1435704126
202125804
342715775
153113257
1857594078
914044734
762480732
1857594078
225085252
964268562
556687318
2232800282
1141512872
66202822
208856556
1857594078
949214065
2212662746
14996529
209429492
2232800282
410010760
43050247
543255195
96083999
2245004083
949214065
154050535
97622054
448009499
393774958
1184486388
589788215
566076331
96083999
455448906
222793383
461815180
762480732
603409790
978856716
317758401
635406781
226232611
512918036
97622054
2232800282
225085252
796882374
373884252
573670132
576104124
508938752
1650546738
513911310
1857594078
422066729
338312777
2212662746
176769009
1435704126
340728627
1650546738
761006959
2289762883
556687318
395247558
578023859
402277766
1730901
996871039
64354794
82824395
565206879
606940301
324276462
1650546738
467334063
96083999
58442424
391313583
966219078
512918036
628625957
1223482164
395398774
2232800282
1469794069
102082016
403417647
349399647
543255195
72302340
317758401
471066908
424754840
523202630
1451455980
1547828676
888497119
220224128
131925922
796882374
448009499
1076083230
737157366
1003619816
272271853
46926256
1065079142
250614232
1018898616
164303319
90573254
843037579
762480732
96083999
107073323
449376760
1040071886
324112765
862686932
461815180
587340786
2247480925
1547828676
556687318
332108601
806126492
706352149
1018898616
155799626
762480732
1643953350
314696551
56345612
371653510
209406716
706352149
798035652
521833767
35522232
1076083230
299750069
627131869
1062180025
314696551
2232800282
14073651
66257510
396214825
121066892
781873826
471948783
1458565242
58442424
101212983
543255195
446390248
523442532
393485703
627131869
226232611
2232800282
340728627
957538951
796882374
1650546738
1003619816
449376760
224059557
74450146
170610390
139739040
113597342
120499114
141875103
96083999
150894866
706352149
290390771
521833767
2390607757
822370459
992683177
973801598
371653510
949214065
106718026
96083999
238563454
2390607757
627131869
179492655
2212662746
473963656
957538951
508938752
2203671956
43050247
549000065
156757329
97622054
2329004082
402277766
762480732
299750069
113597342
1003619816
402760941
461815180
95246658
414845800
97622054
404170165
1460919698
1435704126
474948934
338400993
493005555
180130665
1706245321
480300342
388820088
111807582
425637573
256508444
404170165
2212662746
949214065
2329004082
513911310
129526150
634495530
1435704126
492889609
119472478
344708388
153113257
225085252
320824741
340728627
445322988
762480732
141192389
926858623
140785682
791439001
139121321
2247480925
503286770
521833767
730688227
184273364
177147942
395165986
1157612702
436556047
247670805
492889609
226232611
74564086
131925922
222020658
222793383
338900183
2432072486
523442532
1003619816
1462357741
17968590
1240525632
2185802017
762480732
1069949610
603538549
449376760
225436204
174216988
704236363
480335194
97615092
38413806
216703291
369456807
578023859
140785682
209406716
588200392
43050247
225436204
604281531
184273364
603409790
905541398
762942019
435390444
1204187352
118628147
589263480
48785798
140785682
2418587179
483009026
603409790
1076083230
56103457
121066892
497841044
2212662746
247670805
225436204
250394367
1157612702
1076083230
222793383
263103052
415632529
256532947
63915831
1968910488
193552522
598216122
226232611
497841044
315346789
500730106
478535988
367000115
425637573
1460919698
395247558
34967445
414845800
628625957
184273364
283416881
499654626
1003516615
588200392
414845800
796882374
1065076009
239129880
260964933
460112755
566082206
553216114
390704061
185527663
2418587179
573670132
874936417
521833767
97615092
2432072486
321873343
2212662746
409849774
617831623
358085467
762480732
41607462
604281531
1076083230
430447062
404170165
474948934
523202630
76297929
1040071886
728393473
180130665
1243836733
919167619
878279767
499654626
1443686934
1370453570
1076083230
77725412
1119091082
92477437
436556047
565206879
169604433
822370459
463889414
185527663
2281608247
604281531
821480906
77150803
250703948
140785682
625258244
350112825
237244230
58442424
964268562
604281531
2212662746
728393473
1267249382
321873343
140785682
43050247
1643953350
107381610
244893749
1157612702
1065076009
225085252
566082206
625258244
2280485143
2212662746
1353397532
1040071886
1857594078
1065076009
2187427831
404170165
614604766
216990088
121066892
1469632346
2212662746
256508444
355385571
140785682
393485703
604281531
224059557
1907551104
511529649
246668964
1251017179
244893749
2409256519
222020658
166424376
402277766
728393473
1119091082
247670805
2187427831
796882374
473963656
821480906
1460919698
603538549
244893749
543255195
315865053
2212662746
413633548
373743425
1119091082
1243836733
43050247
1907551104
576104124
323674853
822687264
762480732
43337336
308466630
1147363016
704070890
409849774
449376760
308466630
521833767
344708388
1601120450
409073228
1704623454
216990088
1369590464
403417647
1643953350
443465418
199650067
719415133
251408777
107381610
1934256961
140785682
185527663
461815180
2212662746
72801004
461976539
224059557
762480732
443465418
1443855229
403417647
398073563
140785682
1055372600
1663850622
43050247
322059414
617852546
576104124
549000065
1016526536
398073563
461976539
415632529
1440388562
543497466
262343706
122887711
411357480
438952850
250703948
170996027
244893749
970000932
821480906
170996027
810549636
874936417
535397714
303552342
449376760
443465418
606940301
287583526
233046844
306246651
1117099909
390704061
323674853
340216867
149892331
2379699625
1857594078
133737748
190190777
543255195
628625957
1857594078
521833767
1462357741
603538549
919167619
1547828676
250624413
145124357
251615281
965628758
107381610
2220220639
1857594078
303552342
387632936
425637573
863279696
543922270
47692027
608092288
170287224
762480732
283416881
810469802
726267985
217735672
395273191
2187427831
1353397532
1267249382
576104124
170287224
603409790
74564086
90366752
222760732
461815180
179036593
209406716
119472478
426599317
449376760
810549636
340643461
140785682
704070890
1857594078
2277594176
244893749
420358855
619141776
382025995
559733538
1534071678
248665248
370252910
1857594078
603538549
1076083230
480128665
762480732
140785682
543648396
98613397
420358855
2264597725
470949090
1251017179
1462357741
283416881
371653510
874936417
950349134
521833767
543255195
409849774
2281608247
140785682
382025995
429267096
161245946
248619471
100729074
919167619
225085252
588200392
1173905797
403417647
1453878528
192231832
1147363016
1003619816
248705349
619701984
535397714
371653510
116174780
1267249382
2316709884
406279568
208331000
1091372628
1040071886
238514209
368406380
874936417
510061737
704070890
2264597725
733803824
402277766
1119147726
219708034
1942762310
1696191312
424334244
160810384
337455212
140785682
863279696
407013551
402277766
467334063
340728627
1460919698
711331518
521833767
100729074
419300122
373743425
863279696
525080871
420358855
1168994636
1440388562
274440282
162599951
300135767
194502944
1003619816
604117070
244893749
619701984
702523634
283416881
2203671956
1125056900
576104124
835458445
743270930
229770545
283926885
382025995
2212662746
155799626
98817940
281961718
1857594078
761673548
549000065
1857594078
16257370
337455212
409073228
141875103
123722092
404102468
247676038
2254961732
1942762310
148686976
371653510
771540529
1857594078
99491668
385869726
225085252
148686976
874936417
162599951
549000065
906653502
497841044
521833767
438143962
2231731231
140785682
303552342
2264597725
762480732
287049507
1195563452
68949335
562024129
1942762310
500571732
387508499
34922152
120458955
404102468
1065079142
361911188
162599951
1946486300
497841044
219708034
217735672
300071072
430719280
300135767
566082206
2306162377
634781993
323775406
543255195
162599951
180130665
425637573
300135767
578023859
337455212
917096196
64354794
385869726
1875658556
474948934
324715957
982648891
162599951
470949090
499654626
1663850622
283416881
180130665
38844551
2390607757
494575180
166557901
141217656
357466613
38413806
97615092
1942762310
162599951
218409432
216990088
25027512
1243836733
979363201
393774958
93852213
203820926
425580470
603409790
562301946
579463838
1857594078
68949335
964268562
504508608
634781993
95884854
306794151
752735353
323674853
2379699625
909157850
419352848
906653502
179036593
704070890
337455212
38844551
535397714
1857594078
2343554484
263103052
396462667
455712468
148664588
129526150
874936417
1118459065
162599951
543255195
409849774
761006959
322059414
1001409482
1547828676
391246796
1857594078
419352848
1442025469
38844551
323674853
1857594078
344708388
2264597725
762480732
704070890
390386375
1218456828
919167619
141875103
218538537
1950474757
634781993
521833767
1857594078
393320108
381427545
449376760
222793383
221766502
1696191312
409849774
381535572
2212662746
1442025469
859134552
337455212
588200392
1914947232
1663850622
199937522
74450146
419352848
82422867
204193737
634781993
78023847
303552342
1016526536
283416881
512773672
303552342
1015217791
543255195
68827705
38844551
208856556
224750929
1016526536
596169358
314696551
198892292
222760732
452128131
312597318
409849774
303552342
104545880
167428986
919167619
1695726888
455448906
116708664
390386375
56253641
390704061
1125056900
1157506014
179036593
1601120450
2281592538
2264597725
1370453570
762480732
337455212
443465418
155799626
340728627
115888078
781658234
1717607869
596169358
111807582
2261630784
344708388
973402712
390386375
381532206
543255195
2203671956
179036593
43050247
371653510
59172015
1336701290
521833767
436556047
506222881
496035613
107381610
390704061
833877799
878279767
833877799
155463685
833877799
833877799
306794151
513911310
1442025469
1643953350
216990088
107381610
2261630784
283416881
43050247
337455212
771540529
125249618
