21877193
1730901
1730901
1254853244
96083999
38634498
360623475
48305349
92839115
47983116
77196138
14800130
83934797
390744021
65895759
360623475
224527885
122821510
58402448
65895759
45307981
40171861
20430650
146479954
85071241
96083999
95049423
96083999
186388008
46342553
15145684
474948934
37230170
241908053
95176768
19486581
627131869
85071241
177153941
54077973
37230170
96083999
14204897
37230170
700805677
15313448
78200072
14204897
319700212
16257370
37230170
146479954
171064164
84460494
60186876
252902531
16257370
1409616127
47582072
96083999
78200072
33900107
7895442
96083999
146479954
37230170
28806705
37230170
45307981
250079794
179245286
78200072
179245286
133567740
47582072
6406742
360623475
15340605
257363923
15313448
40827240
22881411
65653754
323216901
129193387
96083999
82851540
14863456
180130665
96083999
180130665
96083999
180130665
27692384
180130665
45307981
96083999
35464341
15157920
407013551
108556040
16257370
100510468
513979554
360623475
96083999
1147489194
96083999
58215566
153342960
37230170
96083999
96083999
99058711
97615092
82851540
