413633548
141192389
87398152
1125422174
592774409
55717942
753318380
129526150
387632936
1868781655
413633548
178559366
163877216
744857298
413633548
115939748
109565130
268781839
618012522
2154844386
290621302
421727582
387632936
151932696
321929830
290621302
268781839
363123769
525080871
2196221215
162804840
68636908
315655899
1091804174
47068968
295050435
1079814350
1125422174
460000456
1091804174
268781839
342646923
371603476
207003469
100396505
141192389
445279124
1125422174
477448052
2375191286
610377170
137902468
413633548
553360301
451947974
301526489
163877216
1337622308
1015165543
774928651
451947974
477448052
622026624
192462513
376937536
2257864932
2245004083
369291039
956781510
451947974
96083999
513191561
195753276
186046375
58079538
47684421
551315278
715063492
238514209
111280147
761006959
298887025
188268590
451947974
1868781655
1091804174
154427090
160582415
596298754
218538537
222730067
253974868
479641174
351427304
1837893192
268781839
761006959
43495217
843259572
312597318
570978122
163877216
451947974
254450829
1125422174
225671731
1003280203
761673548
141192389
215919983
198892292
281431980
1039971948
47582072
761673548
52357025
546001871
622026624
123442248
499654626
248087621
151932696
175960705
160582415
189126434
445279124
141192389
761673548
762480732
925042752
885976178
151932696
58079538
761673548
929904462
630344484
1878055520
130457143
150968811
115939748
62512513
332366367
50940917
163877216
592774409
956781510
416281257
417537982
986899608
99253401
1125422174
633012582
236780896
551315278
702765284
1547828676
761673548
425615880
897877520
442602335
445279124
93828835
761673548
81581223
442032875
142242227
592774409
332366367
233807793
797532852
555679847
592336720
406078014
2389012364
308466630
1547828676
160582415
761673548
241130500
123183220
451947974
311294448
141192389
2339821490
67872210
281324851
119296943
553216114
24665897
499654626
301526489
592866402
2292452888
113597342
416281257
1868781655
2335465813
1547828676
1254853244
416996745
416281257
499654626
89286769
473535426
761006959
141192389
715063492
451947974
139739040
1243174340
416996745
125249618
762480732
151932696
418372992
96083999
424158369
497861284
362991887
342715775
885976178
24665897
425669877
2245004083
248619471
53403420
395990366
1068628586
232880637
777403
1868781655
451947974
256532947
1879434918
47684421
150968811
873022513
