239719876
88615154
340216867
319700212
105840283
364776420
20227729
1147489194
535397714
224488278
183570618
184381986
40837598
360623475
183570618
735098695
192231832
39696388
96083999
273885652
96083999
10526832
37230170
37230170
18243152
45307981
37230170
96083999
109310191
14942376
40827240
6406742
221345512
224527885
23694283
95049423
272969145
65672031
407013551
92428655
407013551
614780431
166137078
37230170
224527885
614780431
58220395
44354241
83286003
180130665
336455417
614780431
198197215
277969291
96083999
180130665
96083999
180130665
360982833
180130665
37230170
144201900
96083999
96083999
9684372
96083999
60576831
42837842
154427090
26714028
160118471
37230170
96083999
18281205
180130665
96083999
96083999
165018948
110132717
34173871
96083999
23694283
146479954
38388954
130402237
18281205
9684372
154427090
45307981
192231832
34212293
16257370
96083999
109310191
121366986
13152
103208129
74102515
