98662942
46316120
141192389
563561654
503787183
98415497
79363376
306246651
306264266
377999373
2347650584
259660439
482667929
255460718
1527457038
635406781
220900238
141192389
1397194956
393320108
393774958
259660439
166876973
513159822
423171756
92509465
446390248
320230328
249526087
148664588
412793445
141192389
1511138454
211426988
1510270081
311812852
1086305510
258518056
314104080
532055073
555060023
221333173
730263836
584435894
2381700504
97502204
761006959
2237305423
41991556
482667929
619701984
79363376
1339322029
230088493
525343209
55750429
393774958
425669877
607226622
300802503
76333169
787184053
20137772
416996745
416281257
393912214
74450146
91813579
1535865530
75227005
525343209
155271824
521833767
255460718
205740873
198809808
42272041
254457874
513159822
284976407
543280287
841369320
251408777
148664588
412793445
221333173
525343209
99934574
416281257
1564948129
156121861
183951052
1251017179
399261976
448266627
310345132
629167223
581904096
781533632
543280287
411236932
377999373
406078014
433872275
146018074
112625437
129193387
284976407
448266627
221333173
350750127
337043378
393912214
89358191
455712468
182089231
387632936
2411133985
349682780
1104008046
1121667001
62642362
135154091
961884546
344708388
2419389714
2206881883
221333173
448266627
1157506014
154414117
123183220
535397714
141192389
120089686
33796138
323621151
629167223
179520647
1027528747
314696551
229086725
255460718
401886023
314104080
1503950635
1934703157
201270221
417609744
221333173
513159822
183951052
97463862
153063159
277969291
328293508
314696551
108327602
2220118896
221333173
24140661
761006959
284457072
593285521
294433313
74450146
344708388
266426890
596167035
322661335
91729610
38108517
634475175
2220118896
71998938
66265601
246278108
1060523240
199745087
596167035
2220118896
442680348
239373033
1291578366
525343209
86506987
761006959
255460718
258518056
615642538
1060523240
270483288
49523717
1104008046
2321021996
342646923
596167035
430719280
503787183
1230104486
123890913
109565130
2393979510
43050247
345969857
420358855
875370798
1027528747
490900729
140795862
422742327
1503950635
322618180
79880889
744995018
2370899149
1336701290
262592381
1957843926
225671731
311812852
485408221
503787183
430574423
485408221
1110786914
314696551
283567392
513979554
98129884
485408221
1668091621
144904762
225671731
1017485430
393320108
248619471
485408221
342646923
311812852
1048342087
1288612597
97615092
110491201
761006959
571937693
355766477
216990088
521833767
420358855
430574423
344708388
191417989
428260094
2209740325
122302074
572458340
255460718
1969214850
1295793710
156121861
166876973
225671731
1453169082
98129884
15338557
521833767
230088493
841369320
141192389
342646923
503787183
1740341018
184975766
490932987
239256646
815415260
122302074
977523018
503787183
286281363
474790091
159146384
134504097
86875984
259549149
2339821490
74450146
11297382
277468770
355413870
897877520
277969291
225671731
1510270081
307050730
98129884
76929284
348248808
122302074
21117443
123183220
433957591
615642538
525343209
932011380
86268676
435833918
79174017
433957591
336471153
55561221
32763815
2411133985
14065534
98129884
1166118200
293949914
2347650584
259549149
1027528747
525343209
1859900354
379654015
1166118200
1613773339
314696551
62514538
529352939
227994081
521833767
414772339
323674853
170182906
841369320
192224669
559405071
2392736036
461661808
1510270081
225671731
432374751
452725090
298467567
28322474
223790024
1510270081
367222890
2414534953
116713025
420358855
452725090
342646923
761006959
22250573
230088493
330268510
1279457467
1510270081
100983752
475507829
371653510
2185802017
314696551
181437078
1934703157
2288102408
2204472511
841369320
358474111
546001871
382630963
284457072
1011423235
1510270081
2185802017
599021640
761006959
977523018
1048342087
416242193
438926285
2351137260
421553723
1207628947
141192389
259259837
862815170
262592381
1295793710
525343209
47305166
230088493
372190925
446390248
420358855
1357333423
364121036
303776501
841369320
946931876
565947854
543280287
298467567
122302074
404926173
371492553
314696551
446390248
348248808
230088493
1957843926
438926285
170996027
963371966
18495685
200349563
963371966
268738578
1027528747
245230128
2351137260
230088493
2411133985
348248808
285502953
103005026
761006959
371492553
178232918
704618965
1655405082
2339821490
82622154
105102047
128472602
572458340
354240288
266402736
543280287
1510270081
296666143
266402736
596169358
224756250
428780733
344708388
337109893
190969868
354240288
248252130
245230128
141192389
21114415
110491201
599021640
267203967
88914709
122302074
207003469
6406742
238162671
1680589914
62514538
841369320
1323731322
436400978
1323731322
1510270081
65653754
593448084
354240288
141538734
841369320
306246651
761006959
596169358
420358855
841369320
480300342
98613457
521833767
171904893
599907183
1510270081
187140965
209015092
241120373
498426026
1919479668
319128947
2435334086
721709209
74450146
226392482
1510270081
354240288
395273191
543280287
761006959
1624320018
283416881
74156526
404723635
435711733
262116763
4156251
296666143
598176477
401855558
336981703
354240288
266402736
847383439
363626961
125840694
527918491
1850705425
314696551
96706737
150968811
354240288
2339821490
499654626
480300342
296666143
1048342087
1503950635
495678496
841369320
980022156
1503950635
283416881
525343209
140031203
92477437
446390248
245230128
1104008046
977523018
503787183
360448983
761006959
342646923
39088792
503787183
312389215
2399338722
423342510
100715596
397652139
1714509230
636154771
2258727944
1676795676
1624320018
24555731
316292310
311812852
200097390
1510270081
74450146
139139108
1279457467
446390248
187603095
299759708
61407562
186388008
1048342087
795874682
596169358
259692444
2367016735
379118281
366418917
166876973
63947200
578112004
1048342087
22580936
841369320
563561654
721709209
1295793710
148260783
636154771
578622498
409755273
452725090
104481346
708243037
144450936
760252747
815131866
436527987
1027528747
1850705425
209015092
583761859
2283474884
882495756
397652139
541807480
259660439
97003764
760252747
523860991
520147265
139393953
282996208
636154771
187603095
1048342087
1168873237
282996208
469223588
436400978
43859315
117697237
436527987
68363272
704070890
393320108
98613457
546001871
220020778
490932987
432374751
362566423
2379699625
2182535131
16006707
523874738
1027528747
222023340
158700169
525343209
1503950635
61407562
401855558
267840329
354240288
1048342087
1168873237
354240288
446390248
882495756
490932987
501430509
283416881
1048342087
336471153
268290355
2379699625
115939748
17703701
439915915
764560861
296666143
380241252
527514551
2196971610
873345475
882495756
1443075656
1027528747
354240288
618012522
382658054
485408221
220020778
761006959
882495756
1443075656
520147265
2188101456
294433313
520147265
1261230576
490932987
2339821490
365921448
382658054
520147265
577210900
523874738
96083999
184273364
2283474884
436527987
1295793710
572499510
39088792
393320108
1359013682
296666143
427191374
138469071
527514551
294433313
197842818
1105888092
395658925
773527988
61909431
1105888092
99553437
501430509
296666143
85954185
354240288
1261461535
708243037
578112004
348248808
323674853
296666143
1524701240
592336720
294433313
197842818
352372790
47305166
324276462
773527988
354240288
761006959
2339821490
610625726
2379699625
187603095
572499510
139739040
773527988
228132977
382658054
629030573
201644247
221023539
203013677
1404297878
624758726
572499510
14919958
325463660
340313286
228132977
190969868
592463642
325463660
1879291939
636154771
121363516
629167223
61407562
57295376
195053173
184273364
79935549
569132402
1655405082
457268535
296666143
39088792
187603095
47305166
179010812
226016640
39088792
708243037
47903238
352372790
481767383
1261461535
46815720
57295376
15157920
47305166
477599373
59794300
195053173
1524701240
385358122
761006959
184273364
629030573
1404297878
386501758
56253641
2380299566
578622498
449493305
430731163
1529466620
67253238
1404297878
2339821490
228132977
57295376
2232800282
2322420140
481722434
740767094
1251017179
31310232
1027528747
2206881883
181841767
578112004
1251017179
546831863
304879714
761006959
588200392
1105888092
109213388
584435894
2322420140
1267249382
47305166
841369320
72220074
430574423
45222752
446390248
188268590
595456365
220593512
211940264
184273364
1048342087
296666143
173745255
59004824
841369320
841369320
156757329
430731163
31310232
769733736
596169358
96083999
2232800282
317632294
764560861
2309736289
270929867
89286769
769733736
1267249382
636154771
1529466620
184273364
352372790
1624320018
149000824
264768637
969897895
358030796
69822673
352372790
602732869
513064087
158298900
68363272
806837988
588200392
31310232
2182535131
184273364
620062876
112942456
47305166
352372790
2339821490
128472602
1048342087
455712468
498322362
2154844386
79149789
203039578
230088493
764560861
232157951
104400755
416242193
416290961
24524566
841369320
513979554
965433990
296937400
535397714
116401348
352372790
309463258
184273364
354345005
230088493
34520590
761006959
122302074
906242114
578622498
166079009
391225534
1837893192
359956545
352372790
164604950
299759708
222712446
2206881883
296666143
1336701290
142588195
1279457467
1110786914
82541079
2232800282
1879291939
430574423
2234601998
173163637
68372624
124548386
184273364
330268510
21117443
159413840
47305166
1105888092
124548386
299759708
2437825848
1511138454
271787053
2232800282
27206182
1048342087
1529466620
2349055806
619494675
198048222
311812852
750755148
184273364
438926285
299759708
47903238
215549068
418372992
749411053
208856556
2339821490
598518919
242641324
840920534
230088493
105092079
494015366
224575255
416242193
708243037
438184095
393769890
583761859
157659960
1010378779
173163637
550254984
166079009
26234493
1010378779
481767383
259120241
170182906
105092079
24877625
1337622308
761006959
363239571
1010378779
522960159
210121352
230088493
490932987
131794713
61164619
454819023
636804320
352372790
875370798
1677201078
187603095
708243037
89286769
190248670
166079009
