402277766
1511138454
1378850756
377978787
273387077
2257442184
553360301
2156032650
75210302
262116763
117105096
216634276
178582986
305481349
178582986
1108361196
1076083230
1655405082
402277766
197842818
1495489242
349508487
2217862609
763670196
758910542
205740873
1108361196
30236613
155999980
761673548
95819050
1856775240
58442424
945753524
2285035166
310183516
205740873
775392990
75519542
60036727
154586253
761480930
138375628
159413840
546001871
1076083230
945753524
552636919
1108361196
604117070
914044734
193147475
324945409
213571812
448484615
2280423660
313283152
28810596
520252942
39894202
426470577
30236613
551315278
1254853244
550187595
268781839
604117070
535506683
368309409
123890913
552636919
61817053
892443691
250614232
2196221215
45551473
401883819
