514039506
41798224
332366367
761673548
14204897
1919479668
549123943
1011088686
146479954
140785682
91302077
64374665
751277995
238572533
243702713
122302074
1443855229
824621300
326654148
730999418
178964069
1427962963
2232800282
634426013
422662161
588200392
264728651
365384383
43059734
975308094
2379699625
482951078
1088744174
236780896
149886801
2305151330
332366367
125249618
280053544
620828721
17011534
149081267
873539036
761006959
207003469
469356054
1460919698
377978787
113008822
133294698
499654626
358816009
363626014
1011088686
2277252919
410074755
162599951
1254853244
252217695
1680589914
1111778072
2245004083
287583526
241908053
140785682
150989872
222793383
571492522
137292454
69246851
916715028
365384383
98415497
97615092
1402778694
1370453570
1609565912
229464169
165721471
86268676
999501643
878181625
457495360
821584866
1040071886
373761078
373743425
1307224316
302056876
811029415
969897895
140785682
1307224316
30632449
351386793
141217656
332366367
824621300
427771246
82831236
873539036
1427962963
1088744174
59352454
299750069
543255195
140785682
241908053
625483123
16543194
365384383
404073583
109747812
1919479668
236780896
153063159
800039612
125249618
2410229605
566919423
177490175
1704623454
95167285
1011088686
564957051
108947876
292776096
521099663
350142922
332108601
566082206
513979554
268781839
392031229
366418917
373743425
427771246
267303978
95246658
425669877
299092211
545840147
120499114
798321325
294677720
873539036
103890214
1349387113
2430408721
841369320
387107364
377978787
1328736115
371492553
141514363
363065537
1017485430
16543194
751277995
184273364
165740774
371492553
351368459
134100967
700849746
2309736289
180130665
734801299
1254853244
244094417
412333417
354567489
493320120
126579947
236780896
42377905
43050247
761006959
704070890
95246658
1070204732
1704623454
109590155
1204307305
140785682
711658621
351386793
1040071886
704070890
760252747
841369320
1427962963
809259468
320766114
140785682
140767420
1109110034
86268676
1706245321
629167223
871375914
392031229
373743425
443527252
712350073
332366367
554692768
429659262
241908053
1040071886
1204307305
264728651
98829569
16543194
280512598
184273364
734801299
469356054
566919423
354567489
377999373
761673548
762480732
798321325
49043923
77700640
49291417
192063704
543008822
259764946
543922270
1953394279
332366367
1663850622
392031229
975308094
241908053
140785682
57647574
491369577
1953394279
72220074
392031229
435818498
280512598
366418917
144952219
95246658
345163994
140785682
138004763
438314888
484588553
841369320
560065707
207928076
376114077
180130665
177490175
410074755
330799086
404102468
480300342
387107364
841369320
68757602
257905870
761673548
1953394279
2316709884
761673548
436460280
230051563
1615208846
427771246
123442248
1204307305
91302077
1039254146
760252747
585597080
1040071886
410074755
592342709
140785682
311345045
216703291
373743425
413115327
2323176781
712350073
228253349
841369320
259602622
1953394279
268781839
2306024995
2368748965
107381610
377999373
371492553
513979554
122654859
56818619
165740774
332366367
506842649
100186227
404244737
2451250246
448009499
291602118
354567489
299148105
86268676
798321325
18016145
1953394279
1402460562
566082206
99253401
197772313
1162531266
52027815
624974962
618838820
2252383154
321400848
185527663
137292454
1953394279
343767581
294116703
228360541
841369320
194038934
438400889
762480732
75520124
228253349
116174780
42022660
556687318
373743425
99253401
374469915
549000065
760252747
518667424
562872000
58150531
46592577
474948934
146450722
215202605
438321602
1011088686
351386793
1547828676
99253401
798321325
474948934
537147544
407703278
761006959
525080871
481898840
1011088686
43050247
336900307
396350426
425644521
91730465
1953394279
369969514
103577246
86268676
220593512
366418917
798321325
1046355630
563875209
127553746
419352848
180298709
367583597
321400848
841369320
16257370
256945857
373743425
618838820
203496644
438923444
841369320
205740873
2306024995
419352848
520181810
162183745
636804320
317937352
992643385
351386793
401345772
996692611
255288044
323775406
181204055
50942256
206200075
236780896
43050247
321903411
563875209
95246658
2283655154
187665626
398231767
95246658
367000115
25050224
122014390
184273364
2390607757
264728651
841369320
2277249726
99257667
354567489
1427962963
95246658
181010790
1460919698
290534637
122654859
119472478
1972058965
543255195
16543194
2451250246
238514209
197772313
95246658
1011088686
1624320018
48220952
427771246
135878674
181204055
67562166
137292454
1972058965
798321325
146450722
95246658
726267985
2263771294
480300342
360607319
1725982664
723524966
52407084
95246658
292796360
1328736115
156650249
91729610
236780896
385927298
761673548
968051582
247592289
1046355630
52407084
244069634
411338791
1011088686
95246658
332366367
139739040
445981298
754710307
798321325
368895784
525080871
344090964
95394748
708955644
751277995
2312315377
95246658
146450722
1119091082
131451727
96706737
627131869
520181810
51981517
109805284
99934574
395247558
236780896
20352904
354735674
806616984
490932987
1953394279
2263771294
466484327
712350073
1547828676
47084322
543922270
95246658
2366824850
1550497134
323775406
484588553
74564086
41130008
439141409
354735674
25050224
968051582
101216056
406067908
2185802017
2323176781
56818619
236780896
178286902
385869726
137292454
476821038
477191808
323775406
592342709
288203780
385869726
469356054
810996356
798321325
60576831
397235195
382630963
565206879
2232800282
177193358
95246658
537215444
109805284
1919479668
1430259985
583865983
596169358
95246658
385869726
158516165
86268676
381532206
382630963
2232800282
105656275
148664588
285573598
70148937
508938752
95246658
7151432
410074755
184273364
543255195
332366367
568324446
545652143
537147544
256288510
98415497
1427962963
98606786
225436204
400608448
73411773
259120241
992643385
565206879
86268676
321903411
95246658
1204307305
535397714
410074755
237783768
762480732
254571671
122654859
391199010
994173648
618838820
1430259985
430447062
177240020
483963162
373743425
761006959
427771246
266544948
344708388
162599951
761480930
100908016
50000908
968051582
209386990
112701766
429586387
243642685
124548386
438923444
228360541
596169358
798321325
1510270081
351386793
43050247
2309736289
95246658
618838820
619177907
34967445
1430259985
314696551
1089209293
128810576
148664588
2438748768
244508568
269202265
761006959
265984151
299750069
992643385
970000932
238476561
230215895
1338612049
339050962
1430259985
141514363
276889288
387621258
258796796
83286003
381532206
553567467
905541398
236780896
614780431
39711548
34967445
404170165
1204307305
384256316
414516113
387508499
132927322
351385947
173835765
59086055
1170042134
230411180
566082206
535397714
1024466436
205740873
220600254
1430259985
49523717
162061776
2226632636
871375914
33460357
54892689
42771782
321400848
430447062
713926314
299963781
229464169
146087502
121763642
1204187352
490932987
95246658
571492522
796025341
144122317
618838820
373743425
153420511
368895784
184404803
141217656
299530459
404170165
600727461
434013070
1547828676
438923444
1919479668
537147544
224105283
438923444
154791304
414722180
224527885
434013070
1204307305
2397371161
14163950
394449584
236780896
299530459
381532206
510061737
1052536952
1547828676
506842649
968051582
38413806
339050962
333902220
299750069
567107990
256075201
1427962963
2187427831
421166640
321400848
91302077
583911588
38413806
1704787154
373743425
395247558
129935721
438923444
1210965582
2410963338
48667516
349614178
425637573
589788215
810996356
312826257
493013747
184273364
449376760
534564681
2232800282
188215241
778274456
1336701290
2368748965
477191808
589906193
2199938677
332366367
618838820
888820410
328426387
490932987
873539036
244094417
373743425
1430259985
914011422
449376760
188215241
1166118200
180130665
566082206
420764169
914044734
38388954
618838820
344708388
82029616
512773672
480335194
21114415
1427962963
70148937
321400848
33823617
95246658
82568428
20118875
236780896
436460280
594462047
512773672
589788215
1328736115
806616984
146450722
378005118
79114418
873539036
477191808
409751774
1430259985
760252747
354240288
185527663
1357333423
295583148
350876689
404170165
1166118200
1430259985
631903317
778274456
1427962963
344708388
236780896
65590917
565206879
351385947
257465867
520181810
508938752
618838820
993526446
1018898616
567107990
2187427831
120499114
1430259985
778274456
354240288
619177907
400085890
2390607757
271846083
347556539
1018898616
21064022
618838820
6639442
1147363016
236780896
1070204732
1018898616
404073583
95246658
2366824850
378005118
400085890
230411180
556958000
222793383
580976425
351385947
283926885
589263480
146450722
381532206
970000932
149081267
2187427831
115696136
1080902280
1430259985
59075883
556958000
873539036
2390607757
2219806435
1011088686
888820410
145249926
1147363016
422328910
373743425
880329962
1170042134
74450146
621208245
1336701290
618838820
244508568
283926885
48667516
798321325
550622081
1024466436
947753023
2219806435
1680589914
177490175
1430259985
221569115
236725900
414722180
1204307305
508938752
244508568
1369590464
1326777876
222793383
2277252919
1154095866
2187427831
381532206
2451250246
51139711
112074173
71454046
477191808
247701952
197772313
422662161
57295376
221569115
1254853244
425637573
157641584
493013747
1547828676
1430259985
222793383
571492522
299530459
404170165
74450146
90029656
373743425
1624320018
398231767
387508499
1154095866
467307999
2297954352
571492522
525080871
449376760
760252747
177490175
320688524
760809475
244809055
480300342
528035204
34967445
798035652
182042438
2187427831
888820410
2232800282
579884697
321400848
128891125
771540529
1430259985
357556982
874936417
435960677
222207009
387508499
49523717
2217922591
121750472
144236061
99212429
91302077
72272450
480300342
430447062
95246658
1953394279
1624320018
449376760
1005721339
1204307305
1114873609
1154095866
2232800282
345170463
1913832817
2390607757
144122317
373743425
61956324
464396740
30869555
254571671
146450722
111807582
628904962
