42029819
123820686
55602474
1370453570
1370453570
108801623
7852692
293910504
123820686
6406742
92294636
117064910
200020393
194499444
390744021
390744021
85071241
390744021
36676345
360623475
390744021
89451924
360982833
20275189
390744021
310345132
18342155
390744021
59004824
123820686
390744021
393320108
16257370
166548699
17865176
614780431
17187227
126787624
63409854
1370453570
54077973
37376206
47128493
23694283
58656082
96083999
250079794
1409616127
407013551
123820686
180130665
92428655
180130665
36299668
96083999
26702738
61940552
