308783069
588200392
1546174506
2185802017
43050247
224575255
297950613
332366367
132927322
613703096
603538549
2294459658
226392482
1402778694
2204472511
219339507
69450749
1663850622
1192941294
734801299
391313583
14341903
920662039
2410229605
565206879
49910799
570895468
95246658
335834093
874936417
247701952
1049627802
263103052
149886801
429586387
295802886
128508751
413633548
801744680
148664588
754844430
833628475
122302074
413633548
269201920
277969291
552727672
112625437
86268676
332366367
324276462
429586387
192462513
1254853244
413633548
180130665
264728651
2266344619
181204055
408327275
572499510
2432271074
431679068
319956359
2245004083
1307224316
1307224316
38413806
324276462
95246658
243604140
1052536952
273480831
1402778694
315682797
1261461535
1254853244
15313448
370440939
1147363016
97615092
1857594078
274072522
57228000
276806719
1428661790
2435553121
567059792
2376933138
286200084
874936417
361828670
314696551
146450722
1261461535
1052536952
393870698
279384216
891408697
1402778694
861414427
228360541
1044086006
23696098
287583526
1261461535
31709744
94835697
1717607869
603538549
146450722
144122317
1534071678
2390607757
213502125
603538549
159146384
243604140
315682797
71746993
1192941294
56253641
336900307
966183764
377334270
1254853244
620828721
2390607757
263103052
1052536952
706352149
920276190
1857594078
43050247
874936417
1609565912
369456807
2232800282
436460280
65895759
572499510
1857594078
38413806
1553877745
469356054
381532206
1119091082
427771246
95246658
446390248
965580996
98613457
537147544
570895468
985294411
398231767
513979554
146450722
1018898616
17989424
2410229605
1039340587
506842649
144122317
236780896
1469390455
550353804
2410229605
279384216
535397714
338135317
141514363
170949300
706352149
82541079
179036593
1443686934
270929867
95246658
1018898616
332366367
112625437
263103052
1204307305
308783069
550353804
295802886
1018898616
17615076
370440939
236780896
332366367
74564086
159146384
197486118
535397714
2368606092
358816009
206676373
1018898616
338135317
965991980
813007988
287583526
446390248
620828721
874936417
81332080
762480732
537147544
499654626
160582415
706352149
263103052
1677545642
61989376
93590446
177490175
339678131
1609565912
1534071678
315682797
270929867
429293714
567059792
348367692
314696551
1204307305
177109147
142300839
762480732
232095454
636804320
1040071886
53361670
94369884
566076331
506998978
14796378
159146384
1254853244
315682797
1545833000
1609565912
14065534
400949928
93550704
376114077
287639809
1328736115
212466687
315682797
636804320
1704623454
1052536952
706352149
406336533
224575255
436460280
2410229605
95246658
1002063637
68827705
1394009418
179036593
636804320
244142148
247701952
159146384
324796370
299599118
1857594078
369456807
938438744
871375914
232104238
535397714
1428661790
60576831
335834093
332366367
1052536952
762480732
221345512
571492522
105518230
43050247
800163152
537147544
245230128
2432271074
520147265
588200392
380356021
874936417
243563700
1663850622
965580996
852011106
144122317
762480732
2379699625
914044734
372692633
394449584
205110494
224575255
244373513
206795299
398460853
332366367
266750403
315682797
1402778694
158554940
324835936
2410229605
410447067
144122317
1369590464
938438744
315757882
1693865466
372734670
103577246
1402778694
543497466
211940264
243563700
1052536952
888820410
2410229605
567059792
1147363016
51655654
154478760
22115378
1137033043
520147265
1254853244
234805688
80708541
857640102
354735674
513979554
1428661790
762480732
422662161
1192941294
172324915
278033594
2261698687
86268676
477264803
243604140
278033594
371653510
427771246
1026491588
457495360
319590869
1052536952
566919423
218538537
2289762883
244373513
1208073722
97622054
2248599354
2410229605
14163950
1543385617
457495360
762480732
141587359
363065537
117506993
377978787
146018074
52694592
871375914
2379699625
526125252
396350426
256075201
119764135
499654626
2410229605
315682797
124435638
613081500
55209145
315682797
764560861
1044086006
513979554
243672994
474948934
1428661790
1408549687
99734876
43050247
556958000
206795299
2410229605
46964860
164725749
602724191
2305151330
764560861
377978787
53032710
1294964034
1402778694
236780896
1370453570
1049627802
1052536952
52694592
124674933
372692633
914011422
427237921
21842913
106924874
77150803
93870270
243563700
2259121356
1966361252
880307898
165721471
154031188
230655643
550353804
398231767
97109304
477264803
62206980
620828721
155568356
260721533
46874855
1052536952
380779735
38175873
537147544
949518656
373743425
1053932772
270929867
363065537
184241440
348183529
1229810749
45551473
236780896
95246658
482619218
247701952
364095622
224575255
579456590
888820410
119472478
474948934
949518656
394654419
184241440
335834093
1888274347
61956324
378005118
1040071886
268340780
264728651
457495360
369456807
1443686934
1011088686
550353804
315622946
43050247
288755045
332366367
351386793
179010812
416168942
226907437
236780896
1443686934
419300826
762480732
1592575028
962237191
72451108
947545526
438952850
184241440
583479655
867398810
130126292
2232800282
1706245321
243563700
706352149
78946498
238055428
588200392
209406716
149886801
499654626
296666143
588919701
1274408845
1425452995
95246658
904379922
377978787
2232800282
474948934
1716291960
259120241
1011088686
124674933
180130665
490932987
947545526
137035635
947545526
457383389
513979554
50000908
751277995
335834093
53387747
349557815
105757831
95246658
259120241
67874278
2232800282
410342379
185537573
224575255
193007497
251114570
438400889
42395328
278033594
295418125
53246445
103803755
566076331
43050247
51536973
1014262183
95246658
122654859
629167223
274886092
706352149
1307224316
567059792
218543241
1204307305
236780896
53246445
2366717845
296712385
1254853244
276806719
446390248
1328736115
95246658
215620687
560065707
301289657
874936417
564957051
423951734
585597080
1011088686
762480732
427771246
629167223
816901543
620828721
812290496
236780896
482619218
1888274347
68827705
448168976
910021242
95246658
264728651
438314888
218538537
816901543
506842649
1710599005
53596339
303641754
188831876
180130665
162599951
347702061
2368606092
2381960611
363065537
310104728
165721471
166137078
863279696
147561626
181204055
162319937
80820064
600727461
555981080
142745916
513979554
377978787
2263771294
64354794
1044086006
476896000
99491668
962137333
109747812
427771246
512773672
706352149
335834093
513979554
813007988
210347082
731992206
771101960
315682797
96895570
57295376
346498836
51056355
620828721
26700014
1011088686
224575255
2390607757
288140765
91227352
1121667001
841369320
1307224316
1663850622
621117832
374571239
886283671
395247558
605046051
22271592
377978787
1204307305
259120241
1307224316
1011088686
180130665
218538537
53638241
1147363016
343767581
754844430
945811105
332366367
56043362
489651220
57295376
537147544
149886801
236632293
549000065
387577638
414772339
264728651
949076497
141514363
336900307
1023781081
513979554
224575255
106924874
1953394279
1254853244
603538549
620828721
1055372600
2380423008
209406716
2263771294
149886801
761006959
123442248
344708388
159146384
513979554
419585615
243197243
579939242
1111778072
566919423
282106726
1394009418
118711338
427771246
1147363016
877484318
1394009418
340728627
1460919698
49530135
1704623454
38413806
243604140
264728651
1254853244
1953394279
128823495
344708388
1459682250
363065537
230630037
222793383
1942982498
513979554
189738524
120081447
120458955
1111778072
1367479987
149081267
276806719
1428661790
2289762883
464703000
841369320
2187427831
236780896
335834093
1394009418
259120241
53334485
2410229605
427771246
620828721
1695726888
259120241
159146384
1460919698
149886801
873539036
1946486300
1402460562
2430695090
435390444
377978787
1953394279
427771246
296399405
327479793
64374665
98415497
455539964
332366367
905756977
57513563
1040071886
1259803033
159146384
629167223
762480732
1685240971
1040071886
346498836
153324280
2314723032
1254853244
550353804
46091075
841369320
120458955
45551473
95246658
86268676
761006959
43050247
345344727
513979554
298887025
169880302
362441990
841369320
126579947
1460919698
1394009418
106924874
259120241
464346422
550353804
512773672
615072480
1427962963
529436505
146450722
159146384
97599657
133294698
562736945
177490175
71736395
351386793
236780896
202528417
229496198
427771246
436460280
167235901
1953394279
105090924
301289657
474948934
138004763
427771246
388302636
394025121
548447952
1526995968
105407207
2226632636
285507434
105009734
1369590464
345969857
513979554
2410229605
346498836
354567489
388302636
1394009418
1254853244
427771246
169469726
1039254146
241010105
74553765
288755045
296666143
2390607757
605046051
1914555360
393320108
2316709884
841369320
180318780
268781839
238055428
438923444
418816494
627159754
162599951
200445309
566919423
1663850622
427771246
377978787
197879658
146450722
382630963
762480732
205820109
99491668
264728651
398073563
737157366
332366367
871375914
285617630
723524966
422491428
97599657
427771246
1254853244
354240288
756521480
1328736115
199536324
824621300
103577246
126253660
410074755
427771246
306108583
178702487
123798905
186985092
873004640
369456807
1111778072
159146384
776901984
190969868
2316709884
191731264
306794151
152644095
1685240971
1207659920
233076048
508938752
2354703062
179036593
302682786
1572749053
129097458
63344347
2354703062
798321325
2232482515
283187643
895508665
332366367
1254853244
125625919
180130665
186985092
1960628198
211940264
979847822
550353804
132927322
490932987
148031430
222793383
125625919
427771246
388302636
354240288
324276462
388302636
365384383
2305151330
713926314
1460919698
975308094
427771246
493013747
1046355630
1427962963
405427027
48237306
965991980
824621300
2379699625
175991326
873539036
1052536952
120458955
1254853244
335834093
824621300
1349387113
2247480925
1704623454
435833918
435558163
2328496970
2277249726
427771246
346498836
762480732
30634134
1460919698
373743425
240994729
430528442
98415497
405427027
2410229605
1693525879
979847822
179036593
68596655
914044734
2185802017
317937352
603538549
186985092
2232800282
761673548
98829569
1685240971
