26702738
391225534
246395824
303641754
1254853244
6406742
96083999
59558501
96083999
1254853244
390744021
37230170
146479954
348248808
99664468
83934797
99664468
391225534
96083999
1543661
6005552
96083999
241908053
7895442
96083999
1147489194
49107853
111503188
13152
96083999
36991113
111503188
17577787
55824571
97615092
76033408
50343375
96083999
96083999
96083999
3996841
360623475
224527885
350142922
37165490
96083999
67874759
350142922
131764649
67874759
26021575
96083999
1370453570
350142922
15618320
221345512
216634276
37165490
513979554
364776420
360623475
60036727
50343375
339423622
35890086
42272041
96083999
10867162
37165490
360623475
64703503
53602628
96083999
79094152
83811248
82851540
51912092
97615092
58220395
195281635
83624386
37230170
1254853244
33086996
38379432
96083999
81822762
180130665
38379432
71492812
64703503
96083999
995373409
21877193
97615092
293949914
97615092
37230170
