32376217
37874853
614780431
31351196
76267038
37230170
180130665
109310191
35211693
37230170
129193387
417537982
96083999
20406838
187665626
96083999
360623475
180130665
65895759
614780431
36676345
614780431
18726212
614780431
65895759
18726212
45307981
614780431
614780431
180130665
14213597
14204897
180130665
417537982
23735540
65335647
614780431
286190497
272783588
614780431
10143602
417537982
45054358
184381986
240125818
180130665
614780431
153804934
94118268
6406742
71751809
16848064
417537982
614780431
417537982
614780431
350142922
614780431
6406742
45054358
65672031
65672031
129193387
179245286
63915831
1370453570
89451924
340216867
60576831
23626858
94118268
1370453570
443936121
1370453570
1370453570
1370453570
94118268
417537982
94118268
23626858
123442248
194502944
180130665
94118268
196476209
196476209
173745255
39034399
417537982
196476209
37165490
196476209
180130665
126315061
64712785
289781808
474948934
23597890
83286003
218543241
97615092
474948934
196476209
224756250
83286003
85070128
196476209
513979554
218543241
97739824
364776420
196476209
218543241
180130665
635393
47582072
304932645
121692501
