324727732
2221876872
43050247
152628093
429683441
2221876872
154791304
137292454
476712509
122302074
207003469
51513076
607185369
468470817
525080871
156650249
1091804174
267857837
2221876872
262592381
896270359
2366717845
393485703
226016640
2221876872
167254975
816901543
232521070
1060523240
2221876872
319898846
103745208
749202122
48953257
2221876872
953577684
2366717845
636804320
130457143
2221876872
761673548
80251586
429683441
2221876872
890842526
396214825
48953257
96683806
14796378
48641205
761673548
164725749
58195147
567667581
548391375
230630037
2221876872
867511134
347556539
48651451
280971519
425669877
1461392450
322067257
2221876872
802522200
401797200
1097771185
105696703
311812852
893618846
89451924
89870798
347556539
2221876872
2185802017
548391375
2323176781
560234605
231683678
221310894
233920346
190557495
205729980
522823591
91612474
1652921462
20419980
761673548
377240243
575315275
2221876872
890842526
175711665
893618846
777617862
361538062
41754845
628360533
896270359
560234605
1543577299
2221876872
72901297
377240243
170243026
162705345
372636997
222793383
576104124
525080871
345846663
718372760
358100253
1108454216
311812852
89870798
371653510
113359373
914011422
816901543
125249618
428941837
1468850401
2221876872
1039790442
264117143
156650249
294433313
816901543
28738307
583673163
371666739
2221876872
120433512
254880674
92018353
363123769
1114873609
55872922
55561221
241929398
358085467
296666143
2221876872
548391375
565947854
511650332
194895830
286054456
142655114
816901543
41059626
55561221
247718433
156650249
220391463
535397714
89451924
94720217
159439855
246395824
236172101
927358214
816901543
152885778
121405032
2221876872
53246445
549000065
99212429
31612702
52277005
206028717
523860991
816901543
548254118
207003469
53246445
121692501
43050247
636804320
761673548
2221876872
890842526
414845800
1399628042
123890913
476821038
161589241
59167156
2221876872
101665074
257425427
58220268
152885778
1896021194
1254853244
310673284
567667581
1423387026
17641674
2410229605
98415497
144122317
520147265
55561221
98415497
549000065
886634648
232213987
22767315
36586367
591868385
236172101
893618846
339570437
1285514599
202116486
355330782
1091804174
116202539
259607881
903284258
816901543
1665725449
1157506014
548391375
25662526
97003764
1461392450
591868385
2239588946
1065076009
548391375
31612702
389286204
53345585
282996208
1555387459
520147265
544391425
448146796
169880302
777617862
144450936
1971234331
212466687
350197540
43050247
549000065
267273622
1399628042
123764326
2221876872
60893561
535397714
778274456
88558807
156650249
412651001
873004640
217735672
760809475
1659052099
584528817
157641584
413768651
410846977
890842526
24211119
255424780
53032710
488054937
170243026
120390169
886634648
156650249
796307094
181576537
68039168
549000065
511650332
121405032
267857837
957538951
415369274
878279767
1091804174
522823591
2232482515
2221876872
169880302
722446465
228322231
39502150
1680936780
402277766
220351687
849178069
1002063637
816901543
227936316
324112765
480300342
123442248
267857837
811144429
209394601
2221876872
761655331
564514871
1601120450
116401348
1868781655
522823591
549000065
548391375
893618846
91302077
1369590464
74525364
1462357741
363231139
1381943148
449376760
286054456
531147178
53246445
394654419
1091804174
1381943148
281468969
373914487
2221876872
2267735784
324112765
548391375
1065076009
311812852
363231139
420181158
98415497
893618846
1469794069
549000065
116202539
494902262
238514209
1065076009
449376760
494178203
522823591
222793383
754611145
722446465
22726693
2310408499
1461392450
535397714
98415497
90391638
379155035
549000065
311812852
178257005
761673548
141999161
185544208
43050247
366418917
1065076009
1850342515
811144429
311812852
521833767
156650249
455524620
1065076009
196995596
544895267
61722585
1136235768
1254853244
535397714
449376760
549000065
55561221
816901543
525080871
388512584
244373513
548391375
567667581
112858552
394654419
1469794069
893618846
890842526
549000065
941065890
394646355
2221876872
548391375
760809475
816901543
449376760
2221876872
152885778
596947891
1285514599
761673548
1868781655
953145336
363961483
1323579546
21528612
1620396848
415369274
564514871
1381943148
311812852
1850342515
1091804174
816901543
761673548
482619218
464308902
394654419
854681310
2221876872
438321602
1159783674
303018355
602724191
152628093
482619218
2221876872
623859859
893618846
35242903
300564791
311812852
139739040
2221876872
886634648
192780433
50949571
186772718
194502944
74770473
928942548
549000065
500571732
1065076009
437252609
2343320095
156650249
107057912
777617862
321929830
203013677
885976178
761673548
965433990
1464064728
436063747
213789841
798035652
361800693
74450146
549000065
436063747
2316709884
324112765
16271840
436063747
761673548
2221876872
548391375
311812852
415953248
1027986066
436063747
356190946
2221876872
1533250734
957538951
1089125004
352931252
436063747
549000065
156650249
124435638
608092288
1134284706
781943185
394654419
73562170
568085360
2221876872
371195397
15305983
110637548
146018074
548391375
128891125
2221876872
482619218
611564347
436063747
1850705425
109213388
553539797
325463660
2221876872
893618846
324816164
139739040
1966361252
549000065
81753727
95884854
1254853244
893618846
596947891
105838925
552044949
816901543
2254595605
806837988
1461392450
81753727
311812852
2329004082
1546174506
1443686934
816901543
2262571640
707212352
1267249382
208856556
499654626
953145336
535397714
1091804174
549000065
232521070
1163331194
814687183
415376306
1555387459
259607881
59063572
724465566
596947891
122853541
758875104
1067057538
436063747
347556539
982648891
14369311
324276462
131850414
2412280819
552062403
156650249
549000065
816901543
293857573
438066380
58150531
248124646
180130665
1443686934
279567519
1071109093
893618846
1049627802
982648891
141875103
760809475
324276462
56944471
56043362
156650249
548391375
56381084
619804396
347556539
549000065
43604687
368896930
2300914310
364776420
197463906
395828936
308451363
311812852
143202757
555184699
893618846
178582986
144450936
1065076009
1462357741
35099185
982648891
71825612
279983919
71751809
549000065
241908053
798035652
212466687
420384338
893618846
199279049
259607881
178582986
888820410
752617099
124849194
177390328
596947891
228360541
406067908
436063747
1462357741
928942548
1850342515
122302074
541807480
960002982
109805284
55561221
142255242
1211824116
436400978
220020778
436063747
70357897
798321325
1065076009
888820410
982648891
178582986
181841767
333198699
965433990
811226726
552044949
1381458804
549000065
1091804174
241908053
347556539
816901543
522924623
436063747
525080871
49043923
116401348
118068178
798321325
1388156442
1065076009
777617862
903284258
552044949
548391375
888820410
120433512
109805284
68039168
393320108
619494675
156650249
567667581
263144480
798321325
549000065
1857594078
464396740
1378636345
1857594078
225671731
1857594078
975308094
636804320
109805284
137324403
1533250734
1857594078
58150531
773254280
232424672
1267249382
395165986
1221022934
371795271
893618846
300891355
592482632
301309529
488054937
908686489
822857485
580533146
244373513
369957717
134335429
482115220
300891355
1083270954
1857594078
300891355
23529979
436063747
300048623
332139412
2221876872
227210317
548391375
197463041
1091804174
814687183
1443686934
58745769
300891355
1267249382
760809475
588200392
575315275
436721335
265802093
85523186
1857594078
328293508
100510468
506222881
567667581
393485703
385869726
540525285
53577120
1139349841
55561221
535397714
1328544787
442449224
390704061
226392482
809259468
40844465
71736395
109805284
1481863662
2221876872
340728627
27618299
2221876872
159404581
549000065
535397714
240340334
300891355
893618846
436063747
67337975
383201005
212466687
105070236
637021581
566073806
244373513
109805284
38398506
174678433
105074063
1091804174
548391375
259607881
760809475
813487626
338407586
369411019
1601120450
300891355
226392482
317832458
2376570889
1370453570
352372790
264710271
435390444
1857594078
1857594078
72670981
209394601
361193172
1857594078
100218210
1857594078
886634648
330886777
446390248
1114873609
548391375
262116763
188359924
237653128
404664421
18770210
257465867
55561221
332317649
548391375
751230109
1539241640
266426890
957538951
982648891
282996208
262116763
170992156
225085252
1857594078
254559867
1437626294
418372992
232213987
568200578
120433512
1221022934
1601120450
2265528583
248619471
333297806
420384338
957538951
2221876872
340182101
1896021194
166932089
816901543
1857594078
373356540
596370439
2221876872
43050247
1065076009
833628475
614604766
109805284
227210317
293324186
567667581
108058604
61817053
548391375
1091804174
55561221
1539241640
33784728
225085252
875370798
12541192
1065076009
548391375
1370453570
416836812
59780845
427448031
349590187
816901543
105074063
340182101
314010405
302189425
177246230
332366367
2221876872
43050247
713711004
903284258
1896021194
548391375
19048014
225085252
137292454
2221876872
285601438
97443719
1370453570
1370453570
1370453570
833628475
1370453570
226232611
54068298
548391375
225085252
119296943
596370439
1615208846
602724191
1521001196
448009499
1110786914
70680412
1267249382
311812852
2221876872
713926314
298266152
543497466
588759475
340216867
41763180
715717927
395557708
1437626294
1533250734
156121861
152150663
329132948
206708260
405468325
227210317
998600563
2221876872
879423048
225671731
2278436054
31665040
2370170946
578023859
281324851
464396740
2366717845
760809475
487753504
603008514
298363047
15249939
54068298
506222881
363961483
323177601
405354428
603798669
2366717845
111280147
436063747
953145336
2221876872
394654419
259775090
407013551
2221876872
47068968
158973234
549000065
298363047
1005721339
707935759
226392482
54068298
311812852
12541192
250614232
221274711
567212833
2221876872
816901543
596370439
867511134
412793445
941065890
1108361196
603008514
349665398
259607881
385902071
122685638
1404745520
119296943
2268891397
1443686934
1479939727
816901543
574986350
603538549
181204055
407013551
1479939727
332366367
124709176
190967453
