603798669
131925922
119296943
778274456
449797056
436400978
1443686934
1053648324
55561221
396402481
1587591920
39213893
396489385
778274456
41785359
201802610
886634648
619993634
512773672
396402481
302555390
2406318240
778274456
129240685
481301999
215549068
396402481
464396740
475976449
160582415
1008747186
572301692
332389626
841369320
761006959
70959294
773254280
543255195
702765284
50949571
1949190589
254623820
224488278
821480906
954639572
702765284
2406318240
543255195
1114873609
556805658
105696703
105696703
116202539
1437626294
217364261
410720952
376571341
353644775
97450562
420003804
499654626
43050247
2322420140
1223222268
821480906
761006959
449376760
308504774
1023738463
19048014
22335634
1254853244
264728651
75042971
905541398
619993634
1620396848
956581388
497053788
504165520
255460718
441019317
976555166
512773672
267141176
449797056
363961483
761006959
936821959
905541398
386083485
543255195
433071309
1109110034
618166917
1003280203
570772996
619993634
53241184
833628475
826956704
1733990684
371256086
244448521
139574058
584435894
596370439
56944409
43050247
1971234331
2204989880
602536175
311345045
499654626
962137333
302555390
371705572
140824687
190190777
452725090
821480906
2397619620
2306841744
188268590
762480732
710649727
580637032
778274456
513191561
413153299
954639572
64316476
957538951
1048342087
315655899
50329701
906653502
449376760
896270359
19764168
68633633
452725090
280375028
953577684
313910388
214864701
187483831
86291943
1048342087
821480906
890717773
263638944
387555458
629167223
338312777
2278851590
220391463
84767590
45557205
449797056
558199718
315655899
70083464
400768271
157994410
2322420140
161257440
543255195
1435704126
210121352
485782683
965911453
449376760
781658234
761673548
73952095
761006959
433268371
588200392
1254171318
119296943
1178959572
1254853244
821480906
427494996
905541398
89900846
1681147140
430719280
558199718
350093783
152529009
579463838
2196221215
539986938
226609596
911623784
1555387459
392120186
947587302
760809475
761006959
489651220
558638479
357419687
207928076
70083464
315655899
2322420140
619993634
833628475
861577502
48429049
232213987
250043086
1010378779
905541398
932011380
956581388
183479372
1118801364
157994410
603538549
1008747186
150525471
449376760
254830490
78309268
954639572
816901543
212466687
1254853244
2182085826
1704623454
1079814350
464396740
962137333
25976449
619993634
254830490
55561221
314696551
1178959572
315655899
141192389
179020388
816901543
932011380
32334045
406957135
444309579
920662039
2263066483
886634648
2196221215
268710637
239373033
1254171318
1254853244
236211852
816901543
619993634
73395814
1010686718
761006959
771493976
120499114
816901543
1076185993
558638479
833628475
153113257
1108454216
2328940430
489651220
180196244
91348759
1254171318
1381685539
280375028
420003804
1003280203
705073404
1857594078
499654626
1555387459
147895406
74525364
905541398
63711735
549000065
513985990
849178069
315129212
619993634
611814650
349614178
39037669
228295596
1014262183
441661827
1114873609
975308094
1076185993
409072603
394654419
392120186
451453370
267505997
549000065
619993634
570772996
861577502
326635649
352931252
186908145
258796796
821480906
329502114
166557901
74553765
880079131
816901543
618012522
1076185993
943810340
705073404
1076185993
1103341230
19764168
564957051
761006959
570772996
2187427831
475976449
295092829
156650249
200798491
549000065
243243107
905541398
178257005
159146384
973284925
238097796
816901543
572499510
357419687
619993634
394654419
268676239
363961483
268710637
99212429
43050247
579112478
1079814350
138677394
1857594078
973284925
357419687
22580936
896270359
267141176
50329701
199626492
159370366
224059557
549000065
87128983
268710637
1574773730
45858699
100908016
108409776
458198019
285601438
623859859
449376760
394654419
761006959
475976449
1857594078
2281822891
1108454216
816901543
973284925
886634648
63108976
946931876
618012522
284042049
1857594078
416128628
1008747186
200001390
283416881
1131066750
386933015
475188662
138677394
619993634
705073404
489651220
124435638
220224128
549000065
1223222268
354320239
394654419
60275673
816901543
1443075656
494831495
496188047
319700212
618012522
138677394
821480906
386933015
156261572
821480906
496188047
423742360
319734274
632999879
1062372086
356918288
50837323
549000065
474619763
2196221215
423742360
159146384
1144181
596370439
200466340
394654419
833628475
225671731
391185412
618012522
591586041
496188047
962137333
55561221
433957591
272308957
425637573
340193407
116401348
905541398
629167223
138677394
620769248
954639572
821480906
282022188
1428661790
957538951
38413806
481301999
549000065
210467312
129193387
400593487
1076185993
483662488
394654419
91314261
37230170
1076185993
1324484826
1111778072
499667448
39775709
421607466
210121352
1534071678
109747812
254795030
489396126
549000065
25007404
630624418
180318780
355385571
268710637
181895549
224059557
619993634
97003764
1964703193
224059557
949284367
1275150848
451453370
464396740
449797056
338135317
482028018
83857286
394654419
1857594078
321106734
116401348
255424780
324112765
549000065
1857594078
159413840
326966696
494860829
75013908
905541398
406721525
27791707
886634648
1010378779
410720952
267141176
64316476
1428661790
343266440
957538951
549000065
471798210
225671731
394654419
324112765
1010378779
1008747186
147084632
703092828
146004987
861577502
834654552
435818498
64506218
771493976
449376760
394654419
268710637
119296943
138677394
97003764
549000065
55561221
543497466
324112765
322777725
449376760
423742360
208856556
224059557
1399628042
394654419
138677394
160582415
170632571
119296943
761006959
39088792
14319693
315655899
195693228
549000065
395828936
489396126
821480906
2185802017
464396740
70836980
1312570542
543255195
5783662
336900307
623592133
619993634
19764168
328335495
156650249
84521798
394654419
324112765
1295793710
76385394
98129884
549000065
113597342
41633824
1423192176
133462956
761480930
2354703062
54803529
369375420
419557977
45512751
943786009
93850506
27618299
909885138
394654419
834654552
225671731
255424780
113597342
5783662
293940075
451219981
210121352
394654419
51470591
816901543
734801299
108528900
233407257
459800006
549000065
762480732
95819050
575315275
97858555
596169358
31310232
104469262
63055517
64506218
233407257
43050247
226159254
224059557
111200955
611814650
2231731231
619993634
233407257
27791707
997214137
761006959
410873994
57832122
425637573
324816164
596169358
5888522
755156238
45512751
257465867
86711946
27616460
16217763
294021963
57830395
14800130
761673548
395828936
36106864
123890913
1893362090
2261698687
535397714
1008747186
60120713
874936417
2197211252
2187427831
564514871
788841
528979659
27791707
484719337
369375420
144122317
203507851
2432444504
180726156
394654419
93550704
302555390
499667448
553360301
94753710
148664588
816901543
375004155
761006959
1043736968
184036411
408362936
124435638
177506319
1539957428
957080467
225657185
120499114
1543577299
123890913
254795030
268710637
1294964034
905541398
513911310
410720952
394654419
821480906
389332423
156261572
224539014
210418025
55561221
2310408499
218409432
549000065
575315275
464703000
816901543
1573934420
314370271
1104008046
299530459
761006959
375004155
1079814350
543255195
144122317
45386476
428210928
50837323
762480732
137219229
27791707
137420430
375004155
97668226
1893362090
324816164
20758563
711658621
954639572
394654419
324816164
162053345
113597342
2208710414
502673158
1295793710
1442025469
155841584
375004155
875509734
120746755
1443686934
176769009
272312073
821480906
543255195
22339301
417096859
833628475
268710637
248665248
60036727
329502114
435390444
371653510
1254853244
232213987
20295838
223365106
821480906
299530459
144122317
406721525
394654419
375004155
255424780
875509734
49793529
60036727
424749528
2227047631
393320108
702765284
362262987
1254853244
623592133
379654015
428210928
405427027
957538951
363961483
383168236
629222276
761697895
849178069
375004155
816901543
65590917
913898396
954639572
739799550
482823943
2265535596
297304589
1428661790
336900307
27791707
2176240928
1068191754
543255195
453630805
91314261
110029770
1883044597
42896498
713926314
1008747186
875509734
124435638
55561221
552044949
428210928
249627210
956581388
162664048
636804320
488950238
89859043
946931876
120499114
404102468
1043736968
1070050280
20222406
111779353
1111778072
301322446
22335634
57295376
75545116
474815561
2245712586
598477287
1254853244
1453878528
43050247
953145336
702765284
217735672
636985639
490050298
363961483
70317342
1147066734
238418922
468077173
363961483
1447846658
357419687
821480906
160582415
197463906
72033633
113597342
467307999
38093203
879564516
464396740
2306841744
438314888
209608072
72214250
74450146
421553723
724465566
267141176
173899182
50949571
1324484826
541807480
1111778072
475976449
535397714
283511580
363961483
702765284
324816164
64150521
340211607
949076497
1200546409
314293811
229464169
123890913
1273945903
45419123
255460718
954639572
27791707
370440939
1378850756
295197617
95877735
299530459
162328114
91368713
464396740
482062028
893275416
816901543
60036727
132948238
71176441
430719280
244799843
761006959
1254853244
111503188
113597342
89859043
225671731
436400978
215218615
98129884
441661827
89872385
50695995
299530459
761673548
337621438
286587797
453630805
167592894
181895549
588759475
816901543
194231492
771493976
122302074
326181433
282022188
316242713
244799843
1679621772
179070685
158548002
176769009
536256813
320688524
702765284
548397539
619993634
893275416
19048014
394654419
712763520
499654626
816901543
317937352
391958425
320688524
117406329
139022558
7401522
394449584
140785682
798233161
761480930
905541398
2388686156
244799843
816901543
415492448
176769009
304958572
543255195
552062403
761480930
217735672
234267828
1106742452
1254853244
471962432
1022297304
1883044597
50837323
41823027
608043
418539054
1022297304
444389406
771493976
762952320
217735672
849178069
119296943
217735672
38383251
100893536
