397067430
1414487864
224214795
224273906
492275214
43249440
912478284
574212267
140744542
2417414593
1868781655
1414487864
912478284
625390988
625390988
290609996
1868781655
1414487864
2423953183
1868781655
301270094
301270094
301270094
912478284
912478284
1414487864
301461684
153459937
1414487864
1414487864
384447364
2296336356
1414487864
1414487864
98329959
771742694
144087939
1642750477
1414487864
1414487864
16992921
1414487864
1414487864
1414487864
1414487864
370489463
1414487864
52666056
52666056
52666056
1414487864
39051447
1414487864
1210274676
86736177
1414487864
244425014
52666056
52666056
505822963
52666056
287670448
274440282
1877803189
52666056
162554034
287670448
52666056
52666056
144087939
17680840
1414487864
224273906
492275214
407951000
449376760
67895207
380287785
1664164267
224273906
492275214
308968000
115624161
225788576
1414487864
1414487864
1414487864
311552955
67895207
1414487864
63137738
144087939
1414487864
1071410486
1064170278
811660777
31052320
294125954
115624161
1414487864
