267585868
723352308
776097600
2476041694
1576760005
364103067
152830555
128347272
81075732
728516244
728516244
275539679
1576760005
190140949
366532383
1243176650
2418060847
446865644
284102763
1363292654
341921945
1576760005
1243176650
348851043
280082932
1642750477
241506716
179569019
381663382
51179449
172667937
284102763
429143723
70171935
2355449276
2388993354
2280873416
2257000602
144087939
1193183270
224273906
492275214
128347272
418122775
226464937
96317290
459899918
115624161
2388993354
144087939
475518097
250980065
227032792
2415214213
241506716
224273906
224273906
492275214
492275214
447789806
2280873416
2257000602
135051797
318449902
2355449276
2388993354
2388993354
622871455
2280873416
41384993
2257000602
124503122
76065766
713984030
957049057
383034287
736468555
224273906
224273906
492275214
492275214
240201478
217312222
1500538664
235049749
1642750477
179569019
2388993354
2388993354
235049749
1340824004
1340824004
1844761105
1463997626
200926310
330757301
330757301
330757301
2277535471
330757301
