151932696
151932696
1445625210
296163031
711680029
808169492
2305170703
951324816
106453108
395759467
494066168
212790576
574351958
311790474
1016562397
227961081
398088441
2398131397
380380475
62083395
12984
828791935
474547211
70183588
112045266
1251459325
718207596
1470299497
12984
46355208
22332332
20836740
2315076001
131855635
131855635
1518254858
553570275
1021641950
345951495
616887234
287582497
2357479999
478527024
306756306
347970763
255451972
133264434
178696988
745469917
546400212
405227308
350726937
210742256
218838303
621106886
378531804
433360407
491977102
106404128
37606826
440596923
299452125
628672006
323851090
210892111
363065537
77286737
887870647
46531854
46531854
1423052125
333368132
975514796
383353635
383353635
111351609
486310350
112045266
495831305
428939530
381362257
363697432
467226685
214490643
112045266
384873921
291673064
422466785
528646855
403258206
331057114
1172054383
152312020
560186557
2324946128
363522442
235140698
452216055
246594028
404929012
