614082723
1226996936
144181403
582685543
44290603
446865644
622650285
173066044
607961364
251908025
2299634677
446865644
446865644
73255758
603008514
34565395
129222518
446865644
353716656
235049749
266326654
181010790
241506716
1642750477
241506716
1667380477
241506716
2354653863
55238968
1032129864
446865644
880868178
14060579
1576760005
467144511
446865644
1226996936
446865644
1458030834
446865644
446865644
283430854
1576760005
283430854
303000554
446865644
745154492
176648534
446865644
849265117
446865644
356744984
171853869
241506716
52650104
181010790
949329420
380546340
446865644
110632185
61984753
446865644
2193071
446865644
18795137
738702150
219267232
492032320
76065766
340769233
1266015282
230215895
936150366
19481279
634475175
77286737
108823644
2430829616
964591550
115624161
57950129
838888207
299002275
242690850
258308574
1642750477
241506716
320726721
341511826
236721333
427404472
84877100
403414648
322504064
371244700
37899389
258851635
582685543
249416656
1480325443
