156217499
114486783
744023010
393868473
604661085
187593626
918676507
466360129
365020134
886076342
397067430
187565633
151563139
85987502
2202824372
554061914
1282512398
1282512398
588108643
1965153450
211940264
378504677
156537788
780653858
861566240
408503907
2211076914
746504899
587041452
2358611774
412793445
1492129428
234016857
1229744420
2284503420
1557173414
340740715
187593626
542111849
2369310147
1415669216
2326757233
804835404
596042350
218031575
2248363932
1036098468
1230319638
1230319638
261667935
824919775
2202824372
272441757
2417414593
1868781655
52042147
2415586309
299666184
612291953
421211287
482892064
214067764
419533770
2190127826
1652330929
47057037
624300280
386961432
208910814
408497918
398765896
308516063
1282512398
612291953
423019898
474547211
1414487864
211115937
968101764
1538881868
296666143
2248363932
2214319886
1026744134
2423953183
1868781655
231843294
589263480
110069420
2202824372
1535865530
299591978
1689540542
537031183
1334673859
1145072384
1145058810
1145058810
1145072384
77916506
